Case #1: 14 1 1 1 1 2 2 2 2 2 3 3 3 7 11
Case #2: 21 1 1 1 1 1 1 1 1 1 1 1 1 1 1 1 3 3 3 5 5 7
Case #3: 27 1 1 1 1 1 1 1 1 1 1 1 1 1 1 1 2 2 2 2 2 2 2 2 2 2 3 3
Case #4: 20 1 1 1 1 1 1 1 1 1 2 2 2 3 3 3 3 3 3 3 5
Case #5: 18 1 1 1 1 1 1 2 2 2 2 2 2 2 2 2 3 7 7
Case #6: 12 1 1 1 1 2 3 3 5 5 5 7 7
Case #7: 24 1 1 1 1 1 1 1 1 1 1 1 1 1 1 1 1 1 2 2 2 3 5 5 5
Case #8: -1
Case #9: -1
Case #10: 25 1 1 1 1 1 1 1 1 1 1 1 1 1 2 2 2 2 2 2 2 2 3 3 3 3
Case #11: 23 1 1 1 1 1 1 1 1 1 1 1 2 2 2 2 2 2 2 2 2 2 5 5
Case #12: -1
Case #13: 26 1 1 1 1 1 1 1 1 1 1 1 1 1 1 1 1 1 2 2 2 2 2 2 2 3 7
Case #14: -1
Case #15: 21 1 1 1 1 1 1 1 1 1 1 1 2 2 2 2 2 2 2 2 7 7
Case #16: 25 1 1 1 1 1 1 1 1 1 1 1 1 1 1 1 1 1 1 1 1 1 1 1 1 17
Case #17: 17 1 1 1 1 1 1 1 1 1 2 2 3 3 3 3 5 11
Case #18: 32 1 1 1 1 1 1 1 1 1 1 1 1 1 1 1 1 1 1 1 1 1 1 1 1 1 1 2 2 2 2 2 5
Case #19: 26 1 1 1 1 1 1 1 1 1 1 1 1 2 2 2 2 2 2 2 2 2 2 2 2 2 3
Case #20: 15 1 1 1 1 2 2 2 2 3 3 3 5 5 5 5
Case #21: 32 1 1 1 1 1 1 1 1 1 1 1 1 1 1 1 1 1 1 1 1 1 1 1 1 1 2 2 2 2 2 3 3
Case #22: 21 1 1 1 1 1 1 1 1 1 1 1 1 1 2 2 2 2 5 5 5 5
Case #23: -1
Case #24: 17 1 1 1 1 2 2 2 2 3 3 3 3 3 3 3 3 5
Case #25: 16 1 1 1 1 1 1 2 2 2 3 3 3 5 5 5 5
Case #26: 17 1 1 1 1 1 1 1 1 1 1 1 2 2 2 2 3 19
Case #27: 21 1 1 1 1 1 1 1 1 1 1 1 1 1 1 2 2 3 3 3 3 11
Case #28: 16 1 1 1 1 1 1 1 2 2 2 3 3 5 5 5 7
Case #29: 11 1 1 1 1 2 2 2 2 3 3 23
Case #30: 25 1 1 1 1 1 1 1 1 1 1 1 1 1 1 2 2 2 2 2 2 3 3 3 3 3
Case #31: 26 1 1 1 1 1 1 1 1 1 1 1 1 1 1 2 2 2 2 2 2 2 2 2 3 3 3
Case #32: 22 1 1 1 1 1 1 1 1 1 1 1 1 2 2 2 2 2 3 3 3 5 5
Case #33: 10 1 1 1 1 1 1 1 1 2 31
Case #34: 14 1 1 1 2 2 2 2 2 3 3 5 5 5 7
Case #35: 24 1 1 1 1 1 1 1 1 1 1 1 1 1 1 1 1 1 2 2 2 2 2 3 11
Case #36: 13 1 1 1 1 2 2 3 3 3 3 5 5 11
Case #37: 17 1 1 1 1 1 1 1 1 1 1 2 2 3 3 7 7 7
Case #38: -1
Case #39: 22 1 1 1 1 1 1 1 1 1 1 1 1 2 2 2 2 2 2 2 3 5 7
Case #40: -1
Case #41: 25 1 1 1 1 1 1 1 1 1 1 1 1 1 1 1 1 1 1 1 1 1 1 1 7 11
Case #42: 31 1 1 1 1 1 1 1 1 1 1 1 1 1 1 1 1 1 1 1 1 1 1 1 1 1 1 2 2 2 2 7
Case #43: 25 1 1 1 1 1 1 1 1 1 1 1 1 1 1 1 1 1 1 1 1 2 2 5 5 7
Case #44: 21 1 1 1 1 1 1 1 1 1 1 1 1 2 2 3 3 3 3 3 5 5
Case #45: 20 1 1 1 1 1 1 1 1 1 1 1 1 1 2 3 3 3 3 7 7
Case #46: -1
Case #47: 18 1 1 1 1 1 1 1 1 1 2 2 2 3 3 5 5 5 5
Case #48: -1
Case #49: 31 1 1 1 1 1 1 1 1 1 1 1 1 1 1 1 1 1 1 1 1 1 1 1 1 1 1 1 1 1 1 11
Case #50: 15 1 1 1 1 1 2 2 2 2 2 2 3 5 5 11
Case #51: 13 1 1 1 1 2 2 3 3 3 3 3 5 13
Case #52: 13 1 1 1 1 2 2 2 2 2 2 3 5 17
Case #53: 30 1 1 1 1 1 1 1 1 1 1 1 1 1 1 1 1 1 1 1 1 1 1 1 1 1 1 2 3 3 7
Case #54: -1
Case #55: -1
Case #56: 30 1 1 1 1 1 1 1 1 1 1 1 1 1 1 1 1 1 1 1 1 1 1 2 2 2 2 2 3 3 3
Case #57: 16 1 1 1 2 2 2 2 2 2 2 2 2 3 5 5 7
Case #58: 23 1 1 1 1 1 1 1 1 1 1 1 1 1 2 2 2 2 2 2 3 3 5 5
Case #59: 16 1 1 1 1 1 1 2 2 2 2 2 3 3 3 3 13
Case #60: -1
Case #61: 23 1 1 1 1 1 1 1 1 1 1 1 1 1 1 1 1 1 2 2 3 3 7 7
Case #62: 15 1 1 1 2 2 2 2 2 2 3 3 5 5 5 5
Case #63: 20 1 1 1 1 1 1 1 1 1 1 1 1 1 1 1 1 2 3 7 13
Case #64: 34 1 1 1 1 1 1 1 1 1 1 1 1 1 1 1 1 1 1 1 1 1 1 1 1 1 1 1 1 1 1 1 2 3 5
Case #65: 17 1 1 1 1 2 2 2 2 2 2 3 3 3 3 3 5 5
Case #66: -1
Case #67: 15 1 1 1 2 2 2 2 2 2 2 2 3 3 5 11
Case #68: 28 1 1 1 1 1 1 1 1 1 1 1 1 1 1 1 1 1 1 1 1 1 1 1 1 1 1 2 13
Case #69: 18 1 1 1 1 1 1 1 1 1 2 2 2 3 3 3 3 3 11
Case #70: 17 1 1 1 1 1 1 2 2 2 2 3 3 3 3 5 5 5
Case #71: 19 1 1 1 1 1 2 2 2 2 2 2 2 2 3 3 3 3 3 5
Case #72: 15 1 1 2 2 2 2 2 2 2 2 3 5 5 5 5
Case #73: -1
Case #74: 21 1 1 1 1 1 1 1 1 1 1 1 1 1 1 1 1 1 1 1 11 11
Case #75: 20 1 1 1 1 1 1 1 1 1 1 1 1 1 2 2 2 3 3 5 11
Case #76: 11 1 1 1 1 1 2 2 3 3 7 19
Case #77: 15 1 1 1 1 2 2 2 2 2 2 3 3 3 5 11
Case #78: 28 1 1 1 1 1 1 1 1 1 1 1 1 1 1 1 1 1 1 1 1 2 2 2 3 3 3 3 3
Case #79: 17 1 1 1 1 1 2 2 2 2 3 3 3 3 3 3 5 5
Case #80: 15 1 1 1 1 1 2 2 2 2 3 3 3 5 7 7
Case #81: -1
Case #82: 26 1 1 1 1 1 1 1 1 1 1 1 1 1 1 1 1 1 1 1 1 1 2 3 3 5 7
Case #83: 17 1 1 1 1 1 1 1 2 2 3 3 3 3 3 3 5 7
Case #84: 17 1 1 1 1 1 1 1 1 1 1 1 2 2 3 5 5 13
Case #85: 17 1 1 1 1 1 1 1 1 1 2 2 2 2 2 2 3 17
Case #86: 12 1 1 1 2 3 3 3 3 5 5 7 7
Case #87: -1
Case #88: -1
Case #89: 27 1 1 1 1 1 1 1 1 1 1 1 1 1 1 1 1 1 1 1 1 1 1 1 1 3 3 11
Case #90: 27 1 1 1 1 1 1 1 1 1 1 1 1 1 1 1 1 1 1 1 1 1 1 2 2 3 5 7
Case #91: -1
Case #92: 24 1 1 1 1 1 1 1 1 1 1 1 1 1 2 2 2 2 2 3 3 3 3 3 3
Case #93: 26 1 1 1 1 1 1 1 1 1 1 1 1 1 1 1 1 1 1 2 2 2 2 2 3 5 5
Case #94: 34 1 1 1 1 1 1 1 1 1 1 1 1 1 1 1 1 1 1 1 1 1 1 1 1 1 1 1 1 1 1 2 2 2 5
Case #95: 12 1 1 1 2 2 2 3 3 3 5 5 13
Case #96: -1
Case #97: 27 1 1 1 1 1 1 1 1 1 1 1 1 1 1 1 1 1 1 2 2 2 2 3 3 3 3 3
Case #98: 36 1 1 1 1 1 1 1 1 1 1 1 1 1 1 1 1 1 1 1 1 1 1 1 1 1 1 1 1 1 1 1 2 2 2 2 2
Case #99: 17 1 1 1 1 1 1 1 1 1 1 1 1 2 2 7 7 11
Case #100: 7 1 1 1 5 5 11 17
Case #101: 21 1 1 1 1 1 1 1 1 2 2 2 2 2 2 2 2 3 3 3 3 5
Case #102: -1
Case #103: 21 1 1 1 1 1 1 1 1 1 1 1 1 1 1 1 1 1 1 1 3 19
Case #104: 17 1 1 1 2 2 2 2 2 2 3 3 3 3 3 3 3 5
Case #105: 17 1 1 1 1 1 1 1 2 2 2 2 3 3 3 3 3 11
Case #106: 20 1 1 1 1 1 2 2 2 2 2 2 2 2 2 2 2 3 3 3 5
Case #107: 14 1 1 1 1 1 2 2 2 2 2 3 3 3 17
Case #108: 18 1 1 1 1 1 1 1 1 1 2 2 2 2 2 2 2 5 13
Case #109: 19 1 1 1 1 1 1 1 1 1 1 1 2 2 3 3 5 5 5 5
Case #110: 15 1 1 1 1 2 2 2 2 2 2 2 2 5 5 11
Case #111: 22 1 1 1 1 1 1 1 1 1 1 1 2 2 2 2 2 2 2 2 2 5 7
Case #112: 15 1 1 1 1 1 1 2 2 2 2 5 5 5 5 7
Case #113: 22 1 1 1 1 1 1 1 1 1 1 1 1 1 1 1 2 3 3 3 5 5 5
Case #114: 16 1 1 1 1 1 1 1 2 2 2 2 2 3 3 7 11
Case #115: 33 1 1 1 1 1 1 1 1 1 1 1 1 1 1 1 1 1 1 1 1 1 1 1 1 1 1 1 1 1 1 1 3 7
Case #116: 21 1 1 1 1 1 1 1 1 1 2 2 2 2 3 3 3 3 3 3 3 3
Case #117: 29 1 1 1 1 1 1 1 1 1 1 1 1 1 1 1 1 1 1 1 1 1 1 1 1 1 1 5 5 5
Case #118: 35 1 1 1 1 1 1 1 1 1 1 1 1 1 1 1 1 1 1 1 1 1 1 1 1 1 1 1 1 1 1 1 1 1 1 7
Case #119: 32 1 1 1 1 1 1 1 1 1 1 1 1 1 1 1 1 1 1 1 1 1 1 1 1 1 1 1 1 2 2 2 7
Case #120: 12 1 1 2 2 2 2 2 3 5 5 5 11
Case #121: 12 1 1 2 2 2 2 2 2 2 3 5 17
Case #122: 25 1 1 1 1 1 1 1 1 1 1 1 1 1 1 1 1 1 1 3 3 3 3 3 3 5
Case #123: 28 1 1 1 1 1 1 1 1 1 1 1 1 1 1 1 1 1 1 2 2 2 2 2 2 2 3 3 3
Case #124: 24 1 1 1 1 1 1 1 1 1 1 1 1 1 1 1 1 1 1 1 1 1 1 2 17
Case #125: -1
Case #126: 18 1 1 1 1 1 1 1 1 1 2 2 2 2 2 5 5 5 7
Case #127: -1
Case #128: 11 1 1 1 2 2 2 2 3 3 7 17
Case #129: 18 1 1 1 1 1 1 1 1 1 1 1 2 2 2 5 5 7 7
Case #130: 37 1 1 1 1 1 1 1 1 1 1 1 1 1 1 1 1 1 1 1 1 1 1 1 1 1 1 1 1 1 1 1 1 1 1 1 3 3
Case #131: -1
Case #132: 26 1 1 1 1 1 1 1 1 1 1 1 2 2 2 2 2 2 2 2 2 2 2 2 2 2 2
Case #133: 26 1 1 1 1 1 1 1 1 1 1 1 1 1 1 1 1 1 1 1 1 1 1 1 2 5 11
Case #134: 21 1 1 1 1 1 1 2 2 2 2 2 2 2 2 2 2 2 2 3 3 5
Case #135: 17 1 1 1 1 1 1 1 2 2 2 2 3 3 3 5 5 7
Case #136: 29 1 1 1 1 1 1 1 1 1 1 1 1 1 1 1 1 1 1 1 1 1 1 1 1 1 1 3 5 7
Case #137: 33 1 1 1 1 1 1 1 1 1 1 1 1 1 1 1 1 1 1 1 1 1 1 1 1 1 1 1 1 1 1 2 2 7
Case #138: 25 1 1 1 1 1 1 1 1 1 1 1 2 2 2 2 2 2 2 2 2 2 2 2 3 3
Case #139: 13 1 1 1 1 2 2 2 2 2 2 5 7 13
Case #140: 27 1 1 1 1 1 1 1 1 1 1 1 1 1 1 1 1 1 1 1 1 1 1 1 1 2 2 13
Case #141: -1
Case #142: -1
Case #143: 17 1 1 1 1 1 2 2 2 2 3 3 3 3 3 3 3 7
Case #144: 18 1 1 1 1 1 2 2 2 2 2 3 3 3 3 3 3 3 5
Case #145: 22 1 1 1 1 1 1 1 1 1 1 1 1 1 1 1 2 2 2 3 3 3 11
Case #146: 16 1 1 1 2 2 2 2 2 3 3 3 3 3 3 5 5
Case #147: 14 1 1 1 2 2 2 3 3 3 3 5 5 5 5
Case #148: 12 1 1 1 2 2 2 2 2 3 3 5 17
Case #149: 21 1 1 1 1 1 1 1 1 1 1 1 1 1 2 2 2 2 3 3 3 11
Case #150: 6 2 3 5 7 11 13
Case #151: 22 1 1 1 1 1 1 1 1 1 1 1 1 1 1 2 2 2 3 3 5 5 5
Case #152: 18 1 1 1 1 1 1 1 1 1 1 1 1 1 1 1 1 2 23
Case #153: 20 1 1 1 1 1 1 1 1 1 2 2 2 2 2 2 2 3 5 5 5
Case #154: 17 1 1 1 1 2 2 2 2 2 2 2 2 3 3 3 5 7
Case #155: 19 1 1 1 1 1 1 1 1 1 3 3 3 3 3 3 3 3 3 5
Case #156: 27 1 1 1 1 1 1 1 1 1 1 1 1 1 1 1 1 1 1 1 1 2 2 3 3 3 3 5
Case #157: 14 1 1 1 2 2 2 2 2 3 3 3 3 5 11
Case #158: -1
Case #159: 23 1 1 1 1 1 1 1 1 1 1 1 1 1 1 1 1 1 2 2 3 5 5 7
Case #160: -1
Case #161: -1
Case #162: -1
Case #163: 23 1 1 1 1 1 1 1 1 1 1 1 1 1 1 1 1 1 1 2 2 3 3 13
Case #164: 16 1 1 1 1 1 1 2 2 2 3 3 3 3 3 3 11
Case #165: 14 1 1 1 1 1 1 2 2 2 3 3 3 7 13
Case #166: 21 1 1 1 1 1 1 1 1 1 1 1 1 1 1 1 2 2 3 5 7 7
Case #167: 14 1 1 1 1 1 1 2 2 2 3 3 5 5 13
Case #168: 17 1 1 1 1 1 1 1 1 1 1 2 2 2 2 5 5 13
Case #169: 12 1 1 2 2 2 3 5 5 5 5 5 5
Case #170: -1
Case #171: 12 1 1 1 2 2 2 3 3 5 7 7 7
Case #172: 18 1 1 1 1 1 1 1 1 1 1 1 2 2 2 3 3 5 13
Case #173: 21 1 1 1 1 1 1 1 1 1 1 1 1 1 2 2 3 3 3 3 5 7
Case #174: 24 1 1 1 1 1 1 1 1 1 1 1 1 1 1 1 1 2 2 2 3 3 3 3 7
Case #175: -1
Case #176: 5 1 1 1 1 37
Case #177: -1
Case #178: -1
Case #179: 20 1 1 1 1 1 1 2 2 2 2 2 2 2 2 2 2 2 3 5 5
Case #180: -1
Case #181: -1
Case #182: 15 1 1 1 1 1 1 1 1 2 2 2 2 3 3 19
Case #183: 17 1 1 1 1 1 1 1 1 2 2 2 2 3 3 5 7 7
Case #184: 21 1 1 1 1 1 1 1 1 2 2 2 2 2 2 2 2 2 2 3 3 7
Case #185: 20 1 1 1 1 1 1 1 1 1 1 1 2 2 2 2 2 2 2 5 11
Case #186: 25 1 1 1 1 1 1 1 1 1 1 1 1 1 1 1 1 1 2 2 2 2 3 3 3 7
Case #187: -1
Case #188: -1
Case #189: -1
Case #190: -1
Case #191: 25 1 1 1 1 1 1 1 1 1 1 1 1 1 1 1 1 2 2 2 2 3 3 3 3 5
Case #192: 18 1 1 1 1 1 1 1 1 1 1 2 2 2 3 3 3 3 13
Case #193: 17 1 1 1 1 1 2 2 2 2 2 2 2 2 3 3 7 7
Case #194: 24 1 1 1 1 1 1 1 1 1 2 2 2 2 2 2 2 2 2 2 2 2 2 3 3
Case #195: 9 1 1 1 1 1 1 2 2 31
Case #196: 23 1 1 1 1 1 1 1 1 1 1 1 2 2 2 2 2 2 2 2 3 3 3 5
Case #197: 15 1 1 1 1 1 2 2 2 2 3 3 3 3 3 13
Case #198: -1
Case #199: 19 1 1 1 1 1 1 1 1 1 1 1 1 1 1 1 1 1 5 19
Case #200: 14 1 1 1 1 1 1 2 2 2 3 3 5 7 11
Case #201: 15 1 1 1 1 1 2 2 2 2 3 3 3 3 5 11
Case #202: 23 1 1 1 1 1 1 1 1 1 1 1 1 1 1 1 1 1 3 3 3 5 5 5
Case #203: 14 1 1 1 2 2 2 2 2 3 3 3 5 7 7
Case #204: 21 1 1 1 1 1 1 1 1 1 1 1 1 1 2 2 2 2 3 5 5 7
Case #205: 13 1 1 1 1 1 2 2 2 2 3 3 11 11
Case #206: 17 1 1 1 1 1 1 1 1 2 2 3 3 3 3 5 5 7
Case #207: -1
Case #208: 27 1 1 1 1 1 1 1 1 1 1 1 1 1 1 1 1 1 1 1 1 1 3 3 3 3 3 5
Case #209: 22 1 1 1 1 1 1 1 1 1 1 2 2 2 2 2 2 2 2 2 3 3 7
Case #210: 20 1 1 1 1 1 2 2 2 2 2 2 2 2 2 3 3 3 3 3 3
Case #211: 14 1 1 1 2 2 2 3 3 3 3 3 5 5 7
Case #212: 19 1 1 1 1 1 1 1 1 1 1 1 2 2 2 2 3 3 5 11
Case #213: -1
Case #214: 18 1 1 1 2 2 2 2 2 2 2 2 2 2 2 3 3 5 5
Case #215: 13 1 1 1 2 2 2 2 2 2 3 3 7 13
Case #216: -1
Case #217: 16 1 1 1 1 1 1 1 1 1 1 1 2 3 3 5 17
Case #218: -1
Case #219: 13 1 1 1 1 1 1 1 2 2 5 5 7 13
Case #220: 29 1 1 1 1 1 1 1 1 1 1 1 1 1 1 1 1 1 1 1 1 1 1 1 1 1 1 1 1 13
Case #221: 21 1 1 1 1 1 1 1 1 1 1 2 2 2 2 2 2 2 2 3 5 7
Case #222: 14 1 1 1 1 1 2 2 2 2 2 3 5 7 11
Case #223: 15 1 1 1 1 1 1 2 2 2 2 3 3 7 7 7
Case #224: 21 1 1 1 1 1 1 1 2 2 2 2 2 2 2 2 2 2 3 3 3 5
Case #225: 20 1 1 1 1 1 1 1 1 1 2 2 2 2 2 3 3 3 3 5 5
Case #226: 17 1 1 1 1 1 1 1 1 2 2 3 3 3 3 3 3 11
Case #227: 18 1 1 1 1 1 1 1 1 2 2 2 2 2 3 3 3 3 11
Case #228: 16 1 1 1 1 1 2 2 2 2 2 3 3 3 3 7 7
Case #229: 17 1 1 1 2 2 2 2 2 2 2 2 2 2 3 3 5 7
Case #230: 21 1 1 1 1 1 1 1 1 1 1 1 2 2 2 2 3 3 3 3 3 7
Case #231: 20 1 1 1 1 1 1 1 1 1 1 1 2 2 2 2 2 5 5 5 5
Case #232: -1
Case #233: -1
Case #234: 29 1 1 1 1 1 1 1 1 1 1 1 1 1 1 1 1 1 1 1 2 2 2 2 2 2 2 2 3 3
Case #235: 22 1 1 1 1 1 1 1 1 1 1 2 2 2 2 2 2 2 3 3 3 3 5
Case #236: 14 1 1 1 1 1 2 2 2 2 2 2 2 3 19
Case #237: -1
Case #238: -1
Case #239: 18 1 1 1 1 1 1 1 1 1 1 1 1 1 2 3 5 7 11
Case #240: 14 1 1 2 2 2 2 2 2 2 2 2 3 5 13
Case #241: 25 1 1 1 1 1 1 1 1 1 1 1 1 1 1 1 1 2 2 3 3 3 3 3 3 3
Case #242: 24 1 1 1 1 1 1 1 1 1 1 1 1 1 1 1 2 3 3 3 3 3 3 3 3
Case #243: 30 1 1 1 1 1 1 1 1 1 1 1 1 1 1 1 1 1 1 1 1 1 1 1 1 1 1 1 2 5 7
Case #244: 29 1 1 1 1 1 1 1 1 1 1 1 1 1 1 1 1 1 1 1 1 1 1 1 1 2 2 3 5 5
Case #245: 36 1 1 1 1 1 1 1 1 1 1 1 1 1 1 1 1 1 1 1 1 1 1 1 1 1 1 1 1 1 1 1 1 1 1 2 5
Case #246: 19 1 1 1 1 1 1 1 2 2 2 2 2 2 2 2 3 5 5 5
Case #247: 17 1 1 1 1 1 1 1 1 1 2 2 3 3 3 5 7 7
Case #248: 19 1 1 1 1 1 1 2 2 2 2 2 2 2 2 2 2 3 5 7
Case #249: 14 1 1 1 2 2 2 2 2 2 2 3 3 7 11
Case #250: -1
Case #251: 17 1 1 1 1 1 1 2 2 2 2 2 2 2 2 3 3 13
Case #252: 23 1 1 1 1 1 1 1 2 2 2 2 2 2 2 2 2 2 2 2 2 2 3 3
Case #253: 23 1 1 1 1 1 1 1 1 1 1 1 1 2 2 2 2 2 2 3 3 3 3 5
Case #254: 11 1 1 2 2 2 2 2 2 3 5 19
Case #255: 18 1 1 1 1 1 2 2 2 2 2 2 2 2 2 2 2 3 11
Case #256: -1
Case #257: 18 1 1 1 1 1 1 1 1 1 2 2 2 3 3 3 3 7 7
Case #258: 21 1 1 2 2 2 2 2 2 2 2 2 2 2 2 2 2 2 2 2 2 3
Case #259: 13 1 1 1 1 2 2 2 2 2 2 3 11 11
Case #260: -1
Case #261: -1
Case #262: 34 1 1 1 1 1 1 1 1 1 1 1 1 1 1 1 1 1 1 1 1 1 1 1 1 1 1 1 1 2 2 2 2 2 3
Case #263: 26 1 1 1 1 1 1 1 1 1 1 1 1 1 2 2 2 2 2 2 2 2 2 2 2 3 3
Case #264: 22 1 1 1 1 1 1 1 1 1 1 1 1 2 2 2 3 3 3 3 3 3 5
Case #265: 36 1 1 1 1 1 1 1 1 1 1 1 1 1 1 1 1 1 1 1 1 1 1 1 1 1 1 1 1 1 1 1 1 1 2 3 3
Case #266: 20 1 1 1 2 2 2 2 2 2 2 2 2 2 2 2 2 2 2 3 5
Case #267: 16 1 1 1 1 2 2 2 2 2 3 3 3 3 5 5 5
Case #268: 23 1 1 1 1 1 1 1 1 1 1 1 1 1 1 1 1 1 1 1 1 2 2 17
Case #269: 23 1 1 1 1 1 1 1 1 1 1 1 1 1 1 2 2 2 2 2 2 5 5 5
Case #270: 28 1 1 1 1 1 1 1 1 1 1 1 1 1 1 1 1 1 1 1 1 1 1 1 1 1 2 7 7
Case #271: 10 1 1 1 1 2 3 3 5 7 17
Case #272: -1
Case #273: 22 1 1 1 1 1 1 1 1 1 2 2 2 2 2 2 2 3 3 3 3 3 3
Case #274: 12 1 1 1 2 3 3 3 5 5 5 5 7
Case #275: -1
Case #276: 25 1 1 1 1 1 1 1 1 1 1 1 1 1 1 1 2 2 2 2 2 2 3 3 3 5
Case #277: -1
Case #278: -1
Case #279: -1
Case #280: -1
Case #281: 15 1 1 1 1 1 2 2 3 3 3 3 3 3 3 11
Case #282: 17 1 1 1 1 2 2 2 2 2 2 2 2 2 2 5 5 7
Case #283: 20 1 1 1 1 1 1 1 1 1 1 1 1 1 2 3 3 3 5 5 7
Case #284: 16 1 1 1 1 1 1 1 1 1 1 2 3 3 3 7 13
Case #285: 29 1 1 1 1 1 1 1 1 1 1 1 1 1 1 1 1 1 1 1 1 1 1 1 1 1 1 2 2 11
Case #286: 25 1 1 1 1 1 1 1 1 1 1 1 1 1 1 1 1 1 1 2 2 2 2 5 5 5
Case #287: 17 1 1 1 1 1 1 1 1 2 2 2 2 3 5 5 5 7
Case #288: 39 1 1 1 1 1 1 1 1 1 1 1 1 1 1 1 1 1 1 1 1 1 1 1 1 1 1 1 1 1 1 1 1 1 1 1 1 1 1 3
Case #289: 27 1 1 1 1 1 1 1 1 1 1 1 1 1 1 1 1 1 1 1 1 1 2 2 3 3 5 5
Case #290: 21 1 1 1 1 1 1 1 1 1 1 1 1 1 1 1 1 1 1 1 5 17
Case #291: 26 1 1 1 1 1 1 1 1 1 1 1 1 1 1 1 1 1 1 1 1 1 1 2 2 2 13
Case #292: 26 1 1 1 1 1 1 1 1 1 1 1 1 1 1 1 1 1 1 1 2 3 3 3 3 3 5
Case #293: 17 1 1 1 1 1 2 2 2 2 2 2 3 3 3 5 5 5
Case #294: 11 1 1 1 1 1 1 1 1 1 3 29
Case #295: 15 1 1 1 1 1 1 1 1 1 1 1 1 1 5 23
Case #296: -1
Case #297: 12 1 1 1 2 2 2 2 2 3 5 7 13
Case #298: 17 1 1 1 1 1 2 2 2 2 2 2 2 2 3 3 3 11
Case #299: 19 1 1 1 1 1 1 1 1 1 2 2 2 2 3 3 3 5 5 5
Case #300: 19 1 1 1 1 1 1 1 1 1 2 2 2 2 2 2 3 5 5 7
Case #301: -1
Case #302: 29 1 1 1 1 1 1 1 1 1 1 1 1 1 1 1 1 1 1 1 1 1 1 1 1 1 1 1 3 11
Case #303: 14 1 1 1 1 1 1 2 2 2 3 3 3 3 17
Case #304: -1
Case #305: 16 1 1 1 1 1 1 1 1 1 2 2 2 2 2 3 19
Case #306: -1
Case #307: 10 1 1 1 2 3 3 5 5 7 13
Case #308: 14 1 1 1 1 1 1 2 3 3 3 5 5 7 7
Case #309: 13 1 1 1 1 2 2 3 3 3 5 5 7 7
Case #310: 15 1 1 1 1 1 2 2 3 3 3 3 3 3 7 7
Case #311: 19 1 1 1 1 1 1 1 1 1 1 1 1 2 2 2 2 3 5 13
Case #312: 22 1 1 1 1 1 1 1 1 1 1 1 1 1 1 2 2 2 2 2 5 5 7
Case #313: -1
Case #314: -1
Case #315: -1
Case #316: 20 1 1 1 1 1 1 1 1 1 2 2 2 2 2 3 3 3 3 3 7
Case #317: -1
Case #318: 3 5 17 19
Case #319: 12 1 1 1 1 1 2 2 2 3 3 5 19
Case #320: 14 1 1 2 2 2 2 2 2 2 3 5 5 5 7
Case #321: 15 1 1 1 1 2 2 2 2 2 2 5 5 5 5 5
Case #322: 19 1 1 1 1 1 1 1 1 2 2 2 2 2 2 3 3 5 5 5
Case #323: -1
Case #324: 34 1 1 1 1 1 1 1 1 1 1 1 1 1 1 1 1 1 1 1 1 1 1 1 1 1 1 1 1 1 1 2 3 3 3
Case #325: 20 1 1 1 1 1 1 1 1 1 1 1 1 1 1 2 2 2 5 5 11
Case #326: 16 1 1 1 1 1 1 1 1 2 2 2 3 5 5 7 7
Case #327: 10 1 1 1 2 3 3 3 5 5 17
Case #328: 35 1 1 1 1 1 1 1 1 1 1 1 1 1 1 1 1 1 1 1 1 1 1 1 1 1 1 1 1 1 1 1 1 3 3 3
Case #329: 23 1 1 1 1 1 1 1 1 1 1 1 1 1 1 1 1 1 1 3 3 3 7 7
Case #330: 16 1 1 1 2 2 2 2 2 2 2 3 3 3 3 5 7
Case #331: 11 1 1 1 2 2 2 2 3 3 11 13
Case #332: 32 1 1 1 1 1 1 1 1 1 1 1 1 1 1 1 1 1 1 1 1 1 1 1 1 1 1 1 2 2 2 3 5
Case #333: 29 1 1 1 1 1 1 1 1 1 1 1 1 1 1 1 1 1 1 1 1 1 1 1 1 1 1 1 7 7
Case #334: 24 1 1 1 1 1 1 1 1 1 1 1 1 1 2 2 2 2 2 2 2 2 2 3 7
Case #335: 22 1 1 1 1 1 1 1 1 1 1 1 1 1 1 1 2 2 2 5 5 5 5
Case #336: -1
Case #337: 21 1 1 1 1 1 1 1 1 1 1 2 2 2 2 3 3 3 3 3 3 5
Case #338: 19 1 1 1 1 1 1 1 1 1 1 2 2 2 2 2 2 5 7 7
Case #339: 19 1 1 1 1 1 1 1 1 1 2 2 2 2 2 2 3 3 3 11
Case #340: 15 1 1 1 1 1 1 1 1 2 2 2 2 3 11 11
Case #341: 18 1 1 1 1 1 1 1 1 1 1 2 3 3 3 5 5 5 5
Case #342: 25 1 1 1 1 1 1 1 1 1 1 1 1 1 1 1 2 2 2 2 2 2 2 2 5 5
Case #343: -1
Case #344: 23 1 1 1 1 1 1 1 1 1 1 1 1 1 1 1 2 2 2 2 3 3 5 7
Case #345: -1
Case #346: -1
Case #347: 19 1 1 1 1 2 2 2 2 2 2 2 2 2 2 3 3 3 3 5
Case #348: 16 1 1 1 1 1 1 2 2 2 2 2 3 5 5 5 7
Case #349: 21 1 1 1 1 1 2 2 2 2 2 2 2 2 2 2 2 2 3 3 3 3
Case #350: 8 1 1 2 2 2 3 11 19
Case #351: 38 1 1 1 1 1 1 1 1 1 1 1 1 1 1 1 1 1 1 1 1 1 1 1 1 1 1 1 1 1 1 1 1 1 1 1 2 2 2
Case #352: 15 1 1 1 2 2 2 2 3 3 3 3 3 5 5 5
Case #353: 23 1 1 1 1 1 1 2 2 2 2 2 2 2 2 2 2 2 2 2 2 2 2 3
Case #354: 16 1 1 1 1 1 1 1 1 2 2 2 3 3 3 5 13
Case #355: 14 1 1 1 1 1 2 2 2 2 2 5 7 7 7
Case #356: 5 1 1 1 19 19
Case #357: 18 1 1 1 1 1 1 1 2 2 2 2 2 3 3 3 5 5 5
Case #358: 17 1 1 1 1 2 2 2 2 2 2 2 2 2 2 3 7 7
Case #359: 32 1 1 1 1 1 1 1 1 1 1 1 1 1 1 1 1 1 1 1 1 1 1 1 1 1 1 1 1 2 3 3 5
Case #360: -1
Case #361: 16 1 1 1 1 1 2 2 2 3 3 3 3 3 3 5 7
Case #362: 14 1 1 1 1 1 2 2 2 3 3 3 3 7 11
Case #363: 16 1 1 1 1 1 1 1 1 1 2 2 2 2 2 5 17
Case #364: 37 1 1 1 1 1 1 1 1 1 1 1 1 1 1 1 1 1 1 1 1 1 1 1 1 1 1 1 1 1 1 1 1 1 2 2 2 2
Case #365: -1
Case #366: 13 1 1 1 1 1 1 1 1 1 1 7 11 13
Case #367: 17 1 1 2 2 2 2 2 2 2 2 2 2 2 2 3 5 7
Case #368: 18 1 1 1 1 1 1 1 1 1 1 2 2 2 3 5 5 5 7
Case #369: 22 1 1 1 1 1 1 1 2 2 2 2 2 2 2 2 2 2 2 3 3 3 3
Case #370: 35 1 1 1 1 1 1 1 1 1 1 1 1 1 1 1 1 1 1 1 1 1 1 1 1 1 1 1 1 1 1 1 1 1 3 5
Case #371: 19 1 1 1 1 1 1 1 1 2 2 2 2 3 3 3 3 3 3 7
Case #372: 22 1 1 1 1 1 1 1 1 1 1 1 1 1 1 1 2 2 2 3 5 5 7
Case #373: 10 1 1 1 2 3 3 3 5 11 11
Case #374: 13 1 1 1 1 1 2 2 3 3 3 3 7 13
Case #375: 27 1 1 1 1 1 1 1 1 1 1 1 1 1 1 1 1 1 1 1 2 2 2 2 2 2 5 5
Case #376: 13 1 1 1 1 1 2 2 2 2 3 3 5 17
Case #377: 16 1 1 1 1 1 1 1 1 1 2 2 2 5 5 5 11
Case #378: 17 1 1 1 1 1 1 1 2 2 2 2 2 2 3 3 5 11
Case #379: 24 1 1 1 1 1 1 1 1 1 1 1 1 1 1 2 2 2 2 2 2 2 3 5 5
Case #380: -1
Case #381: 22 1 1 1 1 1 1 1 1 1 1 1 2 2 2 2 2 2 2 3 3 3 7
Case #382: -1
Case #383: -1
Case #384: 10 1 1 1 2 2 2 3 7 11 11
Case #385: 17 1 1 1 1 1 1 1 1 2 2 2 2 5 5 5 5 5
Case #386: 9 1 1 2 2 2 2 3 5 23
Case #387: -1
Case #388: 20 1 1 1 1 1 1 1 1 2 2 2 2 2 3 3 3 3 3 3 5
Case #389: 12 1 1 1 2 3 3 5 5 5 5 5 5
Case #390: 21 1 1 1 1 1 1 1 1 1 1 1 1 3 3 3 3 3 3 3 3 5
Case #391: 22 1 1 1 1 1 1 1 1 1 1 1 1 1 1 1 2 2 2 3 3 7 7
Case #392: 22 1 1 1 1 1 1 1 1 1 1 1 1 1 1 2 2 2 2 2 3 7 7
Case #393: -1
Case #394: 15 1 1 1 2 2 2 2 3 3 3 3 3 3 5 7
Case #395: 28 1 1 1 1 1 1 1 1 1 1 1 1 1 1 1 1 1 1 1 2 2 2 2 2 3 3 3 3
Case #396: -1
Case #397: -1
Case #398: 15 1 1 1 1 1 1 1 1 2 2 3 3 5 7 11
Case #399: 23 1 1 1 1 1 1 1 1 1 1 1 1 1 1 1 1 1 1 1 1 1 3 17
Case #400: -1
Case #401: 23 1 1 1 1 1 1 1 1 1 1 2 2 2 2 2 2 2 2 2 2 2 2 7
Case #402: 16 1 1 1 1 1 1 2 3 3 3 3 3 3 5 5 5
Case #403: 28 1 1 1 1 1 1 1 1 1 1 1 1 1 1 1 1 1 1 1 1 1 1 1 1 2 2 2 11
Case #404: 23 1 1 1 1 1 1 1 1 2 2 2 2 2 2 2 2 2 2 2 2 3 3 3
Case #405: 31 1 1 1 1 1 1 1 1 1 1 1 1 1 1 1 1 1 1 1 1 1 1 1 1 1 1 1 3 3 3 5
Case #406: 35 1 1 1 1 1 1 1 1 1 1 1 1 1 1 1 1 1 1 1 1 1 1 1 1 1 1 1 1 1 1 1 1 2 2 5
Case #407: 20 1 1 1 1 1 1 1 1 1 1 2 2 2 2 2 2 2 3 7 7
Case #408: -1
Case #409: 16 1 1 2 2 2 2 2 2 2 2 2 2 2 3 7 7
Case #410: 13 1 1 1 1 1 1 2 2 5 5 7 7 7
Case #411: 18 1 1 1 1 1 1 1 1 1 2 2 2 2 2 3 3 3 13
Case #412: -1
Case #413: -1
Case #414: 13 1 1 1 1 1 2 2 3 3 5 7 7 7
Case #415: -1
Case #416: 15 1 1 1 1 1 2 2 3 3 3 3 5 5 5 5
Case #417: -1
Case #418: 21 1 1 1 1 1 1 1 1 2 2 2 2 2 2 3 3 3 3 3 3 3
Case #419: 13 1 1 1 1 1 1 2 2 3 3 3 5 17
Case #420: 25 1 1 1 1 1 1 1 1 1 1 1 1 1 1 1 1 1 1 1 1 1 3 3 7 7
Case #421: 22 1 1 1 1 1 1 1 1 1 1 1 1 1 2 2 2 2 2 3 5 5 5
Case #422: 19 1 1 1 1 1 1 1 1 1 1 1 1 2 2 3 5 5 5 7
Case #423: 28 1 1 1 1 1 1 1 1 1 1 1 1 1 1 1 1 1 1 1 1 1 1 2 2 2 3 3 7
Case #424: 14 1 1 1 1 2 2 2 2 2 2 2 3 7 13
Case #425: 21 1 1 1 1 1 1 1 1 1 1 1 1 1 1 1 1 2 2 5 5 11
Case #426: 20 1 1 1 1 1 1 1 2 2 2 2 2 2 2 2 2 3 3 3 7
Case #427: 35 1 1 1 1 1 1 1 1 1 1 1 1 1 1 1 1 1 1 1 1 1 1 1 1 1 1 1 1 1 1 1 2 2 3 3
Case #428: -1
Case #429: 23 1 1 1 1 1 1 1 1 2 2 2 2 2 2 2 2 2 2 2 2 2 2 5
Case #430: -1
Case #431: 13 1 1 1 1 1 2 2 2 2 3 5 7 13
Case #432: 17 1 1 1 2 2 2 2 2 2 2 2 3 3 3 3 5 5
Case #433: -1
Case #434: 16 1 1 1 1 1 1 1 1 1 1 2 3 5 5 5 11
Case #435: 19 1 1 1 1 1 1 1 2 2 2 2 2 2 2 2 2 2 3 11
Case #436: 18 1 1 1 1 1 1 2 2 2 2 2 2 2 2 2 3 3 11
Case #437: 22 1 1 1 1 1 1 2 2 2 2 2 2 2 2 2 2 2 2 2 2 2 5
Case #438: 20 1 1 1 1 1 1 1 1 2 2 2 2 2 2 2 2 2 3 5 7
Case #439: 40 1 1 1 1 1 1 1 1 1 1 1 1 1 1 1 1 1 1 1 1 1 1 1 1 1 1 1 1 1 1 1 1 1 1 1 1 1 1 1 2
Case #440: 25 1 1 1 1 1 1 1 1 1 1 1 1 1 1 1 1 1 1 1 1 2 2 3 3 11
Case #441: 17 1 1 1 1 2 2 2 2 2 2 2 2 3 3 5 5 5
Case #442: 17 1 1 1 1 1 2 2 2 2 2 2 2 2 3 5 5 7
Case #443: 16 1 1 1 1 1 1 1 1 2 2 2 2 2 3 3 17
Case #444: 11 1 1 2 2 2 2 3 5 5 7 11
Case #445: 19 1 1 1 1 1 1 1 1 1 1 2 2 2 2 3 3 3 3 11
Case #446: 21 1 1 1 2 2 2 2 2 2 2 2 2 2 2 2 2 2 2 2 3 3
Case #447: 19 1 1 1 1 1 1 1 1 2 2 2 2 2 2 3 3 3 5 7
Case #448: 16 1 1 1 1 2 2 2 2 2 2 2 2 2 3 5 11
Case #449: -1
Case #450: -1
Case #451: 17 1 1 1 1 1 1 2 2 2 2 2 2 3 5 5 5 5
Case #452: 20 1 1 1 1 1 1 1 1 1 1 2 2 2 3 3 3 3 3 3 7
Case #453: 24 1 1 1 1 1 1 1 1 1 1 1 1 1 1 1 2 2 2 2 2 2 2 5 7
Case #454: 18 1 1 1 1 1 1 1 2 2 2 2 2 2 2 3 5 5 7
Case #455: 12 1 1 1 1 1 1 1 1 1 1 2 29
Case #456: 12 1 1 1 2 3 3 3 3 3 3 5 13
Case #457: 24 1 1 1 1 1 1 1 1 1 1 1 2 2 2 2 2 2 2 2 2 3 3 3 3
Case #458: 18 1 1 1 1 1 1 1 1 2 2 2 2 2 3 5 5 5 5
Case #459: 20 1 1 1 1 1 1 1 1 1 1 1 1 1 2 3 3 3 3 3 11
Case #460: 13 1 1 2 2 2 2 2 2 2 2 3 7 13
Case #461: -1
Case #462: -1
Case #463: 22 1 1 1 1 1 1 1 1 1 1 1 1 1 1 2 2 2 3 3 3 5 7
Case #464: 15 1 1 1 1 2 2 2 2 2 2 3 3 5 7 7
Case #465: -1
Case #466: 17 1 1 1 1 1 1 1 1 1 2 2 2 2 3 7 7 7
Case #467: 13 1 1 1 1 1 1 2 2 3 5 5 7 11
Case #468: 19 1 1 1 1 1 1 1 1 1 1 1 1 2 2 3 3 3 5 11
Case #469: -1
Case #470: 23 1 1 1 1 1 1 1 1 1 1 1 2 2 2 2 2 2 2 2 2 2 3 7
Case #471: -1
Case #472: -1
Case #473: 18 1 1 1 1 1 1 1 1 1 1 1 2 2 2 2 2 3 17
Case #474: 23 1 1 1 1 1 1 1 1 1 2 2 2 2 2 2 2 2 2 2 3 3 3 3
Case #475: 33 1 1 1 1 1 1 1 1 1 1 1 1 1 1 1 1 1 1 1 1 1 1 1 1 1 1 1 1 1 2 2 3 5
Case #476: 15 1 1 1 1 1 1 1 1 1 2 2 2 2 5 19
Case #477: -1
Case #478: 23 1 1 1 1 1 1 1 1 1 1 1 1 1 1 1 1 2 2 3 3 3 5 7
Case #479: 26 1 1 1 1 1 1 1 1 1 1 1 1 1 1 1 1 1 1 2 2 2 2 2 3 3 7
Case #480: 24 1 1 1 1 1 1 1 1 1 1 1 1 1 2 2 2 2 2 2 2 3 3 3 5
Case #481: 9 1 1 2 2 2 2 3 11 17
Case #482: 33 1 1 1 1 1 1 1 1 1 1 1 1 1 1 1 1 1 1 1 1 1 1 1 1 1 1 1 1 2 2 2 2 5
Case #483: -1
Case #484: 13 1 1 1 1 1 1 2 2 2 2 3 5 19
Case #485: 12 1 1 1 2 2 2 3 3 3 5 7 11
Case #486: 20 1 1 1 1 1 1 1 1 1 1 2 2 2 2 2 2 2 3 3 11
Case #487: 34 1 1 1 1 1 1 1 1 1 1 1 1 1 1 1 1 1 1 1 1 1 1 1 1 1 1 1 1 1 1 1 1 2 7
Case #488: 34 1 1 1 1 1 1 1 1 1 1 1 1 1 1 1 1 1 1 1 1 1 1 1 1 1 1 1 2 2 2 2 2 2 2
Case #489: 14 1 1 1 2 2 2 2 2 2 2 3 5 5 11
Case #490: 18 1 1 1 1 1 1 1 1 1 1 2 2 2 2 2 3 7 11
Case #491: 15 1 1 1 1 1 1 1 1 2 2 2 2 7 7 11
Case #492: 19 1 1 1 1 1 1 1 1 1 1 1 1 2 2 2 2 3 7 11
Case #493: 23 1 1 1 1 1 1 1 1 1 1 1 1 1 1 1 1 2 2 2 2 3 3 11
Case #494: 20 1 1 1 1 1 1 1 1 1 1 1 1 1 1 1 2 3 3 7 11
Case #495: 21 1 1 1 1 1 1 1 1 2 2 2 2 2 2 2 2 2 2 3 5 5
Case #496: 22 1 1 1 1 1 1 1 1 1 1 1 1 1 2 3 3 3 3 3 3 3 5
Case #497: 21 1 1 1 1 1 1 1 1 1 1 1 2 2 3 3 3 3 3 3 3 5
Case #498: -1
Case #499: 18 1 1 1 1 1 2 2 2 2 2 2 2 2 2 3 3 5 7
Case #500: 26 1 1 1 1 1 1 1 1 1 1 1 1 1 1 1 1 1 2 2 2 2 2 3 3 3 5
Case #501: 17 1 1 1 1 1 1 1 1 2 2 3 3 3 3 3 7 7
Case #502: -1
Case #503: 8 1 1 2 2 2 3 7 23
Case #504: 23 1 1 1 1 1 1 1 1 1 1 2 2 2 2 2 2 2 2 2 2 3 3 5
Case #505: 25 1 1 1 1 1 1 1 1 1 1 1 1 1 1 1 1 1 1 1 1 1 1 1 5 13
Case #506: -1
Case #507: 24 1 1 1 1 1 1 1 1 1 1 1 1 1 1 1 1 1 1 2 3 3 5 5 5
Case #508: 26 1 1 1 1 1 1 1 1 1 1 1 1 1 1 1 2 2 2 2 2 2 2 2 2 3 5
Case #509: 18 1 1 1 1 1 1 1 1 2 2 2 2 2 3 3 3 7 7
Case #510: 20 1 1 1 1 1 1 1 1 1 1 2 2 2 2 2 3 3 3 5 7
Case #511: -1
Case #512: 19 1 1 1 1 1 1 1 1 1 2 2 3 3 3 3 3 3 5 5
Case #513: 31 1 1 1 1 1 1 1 1 1 1 1 1 1 1 1 1 1 1 1 1 1 1 1 1 1 1 1 1 3 5 5
Case #514: 28 1 1 1 1 1 1 1 1 1 1 1 1 1 1 1 1 1 1 1 1 1 1 1 1 1 2 3 11
Case #515: 22 1 1 1 1 1 1 1 1 1 1 1 1 1 1 2 2 2 2 2 3 3 11
Case #516: 22 1 1 1 1 1 2 2 2 2 2 2 2 2 2 2 2 2 2 2 2 3 3
Case #517: 16 1 1 1 1 1 1 1 1 2 2 2 3 3 5 5 11
Case #518: -1
Case #519: 16 1 1 1 1 1 2 2 2 2 2 2 2 3 3 5 11
Case #520: 26 1 1 1 1 1 1 1 1 1 1 1 1 1 1 1 1 1 1 1 2 2 2 3 3 5 5
Case #521: 32 1 1 1 1 1 1 1 1 1 1 1 1 1 1 1 1 1 1 1 1 1 1 1 1 1 1 1 1 1 2 5 5
Case #522: 18 1 1 1 1 1 1 1 2 2 2 2 2 2 2 3 3 7 7
Case #523: 13 1 1 1 2 2 2 2 3 3 3 5 5 11
Case #524: 21 1 1 1 1 1 1 1 1 1 2 2 2 2 2 2 2 2 3 3 5 5
Case #525: 20 1 1 1 1 1 1 1 1 2 2 2 3 3 3 3 3 3 3 3 3
Case #526: 15 1 1 1 1 2 2 2 2 2 2 2 2 3 7 11
Case #527: 19 1 1 1 1 1 1 1 1 1 1 1 1 1 2 2 3 3 5 13
Case #528: 18 1 1 1 1 1 1 1 1 2 2 2 3 3 3 3 3 5 7
Case #529: 18 1 1 1 1 1 1 1 1 1 1 1 2 3 3 5 5 5 7
Case #530: 18 1 1 1 1 1 1 1 1 1 2 2 2 2 2 3 3 5 11
Case #531: 3 1 17 23
Case #532: -1
Case #533: 18 1 1 1 1 1 1 2 2 2 3 3 3 3 3 3 3 3 5
Case #534: 14 1 1 1 1 2 2 2 2 2 2 2 5 5 13
Case #535: 23 1 1 1 1 1 1 1 1 1 1 1 1 1 1 1 1 1 1 2 2 3 5 11
Case #536: 18 1 1 1 2 2 2 2 2 2 2 2 2 3 3 3 3 3 5
Case #537: 23 1 1 1 1 1 1 1 1 1 1 1 1 1 2 2 2 2 3 3 3 3 3 5
Case #538: 19 1 1 1 1 1 1 1 1 1 1 1 2 2 2 2 2 2 5 13
Case #539: 20 1 1 1 1 1 1 1 1 2 2 2 2 2 2 2 3 3 3 5 5
Case #540: 19 1 1 1 1 1 1 1 1 1 1 1 1 1 1 1 1 1 1 23
Case #541: 17 1 1 1 1 1 2 2 2 2 2 2 3 3 3 3 5 7
Case #542: 15 1 1 1 1 2 2 3 3 3 3 3 3 5 5 5
Case #543: 9 1 1 1 1 1 1 1 3 31
Case #544: 26 1 1 1 1 1 1 1 1 1 1 1 1 1 1 1 1 1 1 1 1 1 1 1 2 3 13
Case #545: 10 1 1 1 1 1 2 3 3 5 23
Case #546: -1
Case #547: 17 1 1 1 1 1 1 1 2 2 2 2 2 2 3 3 3 13
Case #548: -1
Case #549: 24 1 1 1 1 1 1 1 1 2 2 2 2 2 2 2 2 2 2 2 2 2 2 2 3
Case #550: 20 1 1 1 1 1 1 1 1 1 1 1 1 1 1 2 3 5 5 5 7
Case #551: -1
Case #552: 20 1 1 1 1 1 1 1 1 1 1 1 1 2 2 2 2 2 3 5 11
Case #553: 18 1 1 1 1 1 1 2 2 2 2 2 3 3 3 3 3 5 5
Case #554: 12 1 1 1 1 2 2 2 3 7 7 7 7
Case #555: 27 1 1 1 1 1 1 1 1 1 1 1 1 1 1 1 1 1 2 2 2 2 2 2 3 3 3 3
Case #556: 25 1 1 1 1 1 1 1 1 1 1 1 1 1 1 1 1 2 2 2 2 2 2 3 5 5
Case #557: 18 1 1 1 1 1 1 1 1 1 1 2 2 2 3 3 5 7 7
Case #558: 34 1 1 1 1 1 1 1 1 1 1 1 1 1 1 1 1 1 1 1 1 1 1 1 1 1 1 1 1 1 2 2 2 3 3
Case #559: 22 1 1 1 1 1 1 2 2 2 2 2 2 2 2 2 2 2 2 2 3 3 3
Case #560: 13 1 1 1 1 1 1 1 1 1 1 5 7 19
Case #561: 33 1 1 1 1 1 1 1 1 1 1 1 1 1 1 1 1 1 1 1 1 1 1 1 1 1 1 1 1 1 3 3 3 3
Case #562: 19 1 1 1 1 1 1 1 1 1 1 2 2 2 2 3 3 3 7 7
Case #563: 36 1 1 1 1 1 1 1 1 1 1 1 1 1 1 1 1 1 1 1 1 1 1 1 1 1 1 1 1 1 1 1 1 2 2 2 3
Case #564: -1
Case #565: 24 1 1 1 1 1 1 1 1 1 1 1 1 1 1 1 1 2 2 2 3 3 3 5 5
Case #566: 6 1 1 1 2 17 19
Case #567: 19 1 1 1 1 1 1 1 1 1 1 2 2 2 2 3 3 5 5 7
Case #568: 18 1 1 2 2 2 2 2 2 2 2 2 2 2 2 2 3 5 5
Case #569: 25 1 1 1 1 1 1 1 1 1 2 2 2 2 2 2 2 2 2 2 2 2 2 2 2 2
Case #570: 39 1 1 1 1 1 1 1 1 1 1 1 1 1 1 1 1 1 1 1 1 1 1 1 1 1 1 1 1 1 1 1 1 1 1 1 1 1 2 2
Case #571: 25 1 1 1 1 1 1 1 1 1 1 1 1 1 1 1 2 2 2 2 2 2 2 2 3 7
Case #572: 22 1 1 1 1 1 1 1 1 2 2 2 2 2 2 2 2 2 3 3 3 3 3
Case #573: 23 1 1 1 1 1 1 1 1 1 2 2 2 2 2 2 2 2 2 2 2 2 3 5
Case #574: -1
Case #575: 21 1 1 1 1 2 2 2 2 2 2 2 2 2 2 2 2 2 2 2 2 5
Case #576: 21 1 1 1 1 2 2 2 2 2 2 2 2 2 2 2 2 2 2 3 3 3
Case #577: 19 1 1 1 1 1 1 1 1 1 1 1 2 2 3 3 3 3 7 7
Case #578: 14 1 1 1 1 2 2 2 2 2 3 3 3 5 13
Case #579: 28 1 1 1 1 1 1 1 1 1 1 1 1 1 1 1 1 1 2 2 2 2 2 2 2 2 2 3 3
Case #580: -1
Case #581: -1
Case #582: 19 1 1 1 2 2 2 2 2 2 2 2 2 2 2 2 3 3 3 5
Case #583: 16 1 1 1 1 1 1 1 1 1 1 2 2 2 7 7 11
Case #584: -1
Case #585: 21 1 1 1 1 1 1 1 1 1 1 1 1 1 1 2 2 2 2 3 5 11
Case #586: 10 1 1 1 1 2 2 2 3 11 17
Case #587: 10 1 1 1 2 3 3 5 7 7 11
Case #588: 23 1 1 1 1 1 1 1 1 1 1 1 1 1 1 1 1 1 1 1 1 1 7 13
Case #589: 20 1 1 1 1 1 1 1 1 1 1 1 2 2 2 2 2 3 3 3 11
Case #590: -1
Case #591: 21 1 1 1 1 1 1 1 1 1 1 2 2 2 2 2 2 3 3 3 5 5
Case #592: 14 1 1 1 1 1 1 1 2 3 3 3 5 5 13
Case #593: -1
Case #594: 22 1 1 1 1 2 2 2 2 2 2 2 2 2 2 2 2 2 2 2 2 2 3
Case #595: 13 1 1 2 2 2 2 2 2 3 5 5 7 7
Case #596: 18 1 1 1 1 1 1 1 1 1 2 2 2 3 3 3 5 5 7
Case #597: 14 1 1 1 1 1 1 1 2 2 2 5 5 7 11
Case #598: 19 1 1 1 1 1 1 1 1 2 2 2 2 3 3 3 3 3 5 5
Case #599: 22 1 1 1 1 1 1 1 1 1 1 1 1 1 1 1 1 2 2 2 5 7 7
Case #600: 15 1 1 1 1 1 1 1 2 2 2 2 3 5 7 11
Case #601: 23 1 1 1 1 1 1 1 1 1 1 1 1 2 2 2 2 2 2 2 2 3 5 5
Case #602: 26 1 1 1 1 1 1 1 1 1 1 1 1 1 1 1 1 1 1 2 2 2 3 3 3 3 5
Case #603: 18 1 1 1 1 2 2 2 2 2 2 2 3 3 3 3 3 3 5
Case #604: 28 1 1 1 1 1 1 1 1 1 1 1 1 1 1 1 1 1 1 1 1 2 2 2 2 2 3 3 5
Case #605: 13 1 1 1 2 2 2 2 3 3 5 5 7 7
Case #606: 19 1 1 1 1 1 1 1 1 2 2 3 3 3 3 3 3 3 3 5
Case #607: 22 1 1 1 1 1 1 1 1 1 1 2 2 2 2 2 3 3 3 3 3 3 3
Case #608: 24 1 1 1 1 1 1 1 1 1 1 1 1 1 1 1 1 1 1 2 2 2 3 3 11
Case #609: 22 1 1 1 1 1 1 1 1 1 1 1 1 1 2 2 2 3 3 3 3 5 5
Case #610: 16 1 1 1 2 2 2 3 3 3 3 3 3 3 3 3 5
Case #611: 27 1 1 1 1 1 1 1 1 1 1 1 1 1 1 1 1 1 1 1 2 2 2 2 3 3 3 5
Case #612: -1
Case #613: 18 1 1 1 1 1 1 1 1 2 2 2 2 2 3 3 5 5 7
Case #614: 19 1 1 1 1 1 1 2 2 2 2 2 2 2 2 3 3 3 3 7
Case #615: 20 1 1 1 1 1 1 1 2 2 2 2 2 2 2 3 3 3 3 3 5
Case #616: 15 1 1 1 1 2 2 2 2 2 2 2 2 3 5 13
Case #617: 33 1 1 1 1 1 1 1 1 1 1 1 1 1 1 1 1 1 1 1 1 1 1 1 1 1 1 1 1 2 2 3 3 3
Case #618: 26 1 1 1 1 1 1 1 1 1 1 1 1 1 1 1 2 2 2 2 2 2 2 3 3 3 3
Case #619: 16 1 1 1 1 1 2 2 2 2 2 2 2 5 5 5 7
Case #620: 16 1 1 1 1 1 1 2 2 2 2 2 3 3 5 7 7
Case #621: 18 1 1 1 1 1 1 1 2 2 2 2 2 2 2 3 3 3 11
Case #622: 24 1 1 1 1 1 1 1 1 1 1 1 1 2 2 2 2 2 2 2 2 2 2 2 7
Case #623: 12 1 1 2 2 2 2 2 3 5 7 7 7
Case #624: -1
Case #625: 13 1 1 1 1 1 2 2 2 2 3 3 3 19
Case #626: 19 1 1 1 1 1 1 2 2 2 2 2 2 2 2 2 2 5 5 5
Case #627: -1
Case #628: 38 1 1 1 1 1 1 1 1 1 1 1 1 1 1 1 1 1 1 1 1 1 1 1 1 1 1 1 1 1 1 1 1 1 1 1 1 2 3
Case #629: 15 1 1 1 1 1 2 2 2 2 2 2 3 3 5 13
Case #630: 20 1 1 1 1 1 1 1 1 1 1 1 2 2 2 2 2 3 3 7 7
Case #631: 5 1 1 3 17 19
Case #632: 22 1 1 1 1 1 1 1 1 1 1 1 1 1 2 2 2 2 2 3 3 5 7
Case #633: 3 11 13 17
Case #634: 19 1 1 1 1 1 1 2 2 2 2 2 2 3 3 3 3 3 3 5
Case #635: 16 1 1 1 1 2 2 2 2 2 2 2 2 2 5 7 7
Case #636: 24 1 1 1 1 1 1 1 1 1 1 1 1 1 2 2 2 2 2 2 2 2 2 5 5
Case #637: 14 1 1 1 2 2 2 2 2 2 2 3 3 5 13
Case #638: 20 1 1 1 1 1 1 2 2 2 2 2 2 2 2 2 2 2 3 3 7
Case #639: 22 1 1 1 1 1 1 1 1 1 1 1 2 2 2 2 2 2 2 3 3 5 5
Case #640: 18 1 1 1 1 1 1 2 2 2 2 2 3 3 3 3 3 3 7
Case #641: 17 1 1 1 1 1 1 1 1 2 2 2 2 3 3 3 5 11
Case #642: 29 1 1 1 1 1 1 1 1 1 1 1 1 1 1 1 1 1 1 1 1 1 1 2 2 2 2 2 2 7
Case #643: 14 1 1 1 1 1 2 2 2 3 5 5 5 5 7
Case #644: 11 1 1 1 1 1 1 1 1 1 1 31
Case #645: -1
Case #646: -1
Case #647: 18 1 1 1 1 1 1 1 1 1 2 3 3 3 3 3 3 5 7
Case #648: 12 1 1 1 2 2 2 3 3 5 5 5 11
Case #649: 14 1 1 1 1 1 1 2 3 3 3 3 3 5 13
Case #650: -1
Case #651: 20 1 1 1 1 1 2 2 2 2 2 2 2 2 2 2 2 2 2 3 7
Case #652: 24 1 1 1 1 1 1 1 1 1 1 2 2 2 2 2 2 2 2 2 2 2 3 3 3
Case #653: 24 1 1 1 1 1 1 1 1 1 1 1 1 1 1 1 1 2 3 3 3 3 3 3 5
Case #654: -1
Case #655: 22 1 1 1 1 1 1 1 1 1 1 1 1 1 1 1 1 1 1 1 2 3 17
Case #656: -1
Case #657: 24 1 1 1 1 1 1 1 1 1 1 1 1 1 1 1 1 1 2 2 2 3 3 5 7
Case #658: 16 1 1 1 1 1 1 1 2 3 3 3 3 5 5 5 5
Case #659: 30 1 1 1 1 1 1 1 1 1 1 1 1 1 1 1 1 1 1 1 1 1 1 1 1 2 2 2 2 2 7
Case #660: 24 1 1 1 1 1 1 1 1 1 1 1 1 1 1 2 2 2 2 2 3 3 3 3 5
Case #661: 20 1 1 1 1 2 2 2 2 2 2 2 2 2 2 2 2 2 3 3 5
Case #662: -1
Case #663: 17 1 1 1 1 1 1 1 1 1 1 2 2 3 5 5 7 7
Case #664: 14 1 1 1 1 1 1 2 3 3 3 3 5 5 11
Case #665: 16 1 1 1 1 1 1 1 1 1 1 1 2 3 5 7 13
Case #666: 28 1 1 1 1 1 1 1 1 1 1 1 1 1 1 1 1 1 1 1 1 1 2 2 2 2 2 3 7
Case #667: 31 1 1 1 1 1 1 1 1 1 1 1 1 1 1 1 1 1 1 1 1 1 1 1 1 1 1 1 1 1 5 7
Case #668: 20 1 1 1 1 1 1 1 1 1 1 2 3 3 3 3 3 3 3 3 5
Case #669: 16 1 1 1 1 1 1 2 2 2 3 3 3 3 3 7 7
Case #670: 10 1 1 1 1 2 3 3 5 11 13
Case #671: 27 1 1 1 1 1 1 1 1 1 1 1 1 1 1 1 1 1 1 2 2 2 2 2 2 3 3 5
Case #672: 31 1 1 1 1 1 1 1 1 1 1 1 1 1 1 1 1 1 1 1 1 1 1 2 2 2 2 2 2 2 2 3
Case #673: 13 1 1 1 1 1 2 2 3 3 5 5 5 11
Case #674: 16 1 1 1 1 2 2 2 2 2 2 2 3 3 5 5 7
Case #675: -1
Case #676: 20 1 1 1 1 1 1 2 2 2 2 2 2 2 2 2 3 3 3 3 5
Case #677: 16 1 1 1 1 1 2 2 2 3 3 3 3 3 5 5 5
Case #678: 18 1 1 1 1 1 1 1 2 2 2 2 2 3 3 3 3 5 7
Case #679: -1
Case #680: 26 1 1 1 1 1 1 1 1 1 1 1 1 1 1 1 1 1 1 1 1 2 3 3 3 3 7
Case #681: 17 1 1 1 1 1 1 2 2 2 2 2 2 3 3 5 5 7
Case #682: 22 1 1 1 1 1 1 1 1 1 2 2 2 2 2 2 2 2 2 3 3 3 5
Case #683: 21 1 1 1 1 1 1 1 1 1 2 2 2 2 2 2 3 3 3 3 3 5
Case #684: 18 1 1 1 1 1 1 1 2 2 2 3 3 3 3 3 3 5 5
Case #685: 18 1 1 1 1 1 1 1 2 3 3 3 3 3 3 3 3 3 5
Case #686: 24 1 1 1 1 1 1 1 1 1 1 1 1 2 2 2 2 2 2 2 2 2 3 3 5
Case #687: 12 1 1 1 1 1 2 3 3 5 5 5 13
Case #688: 20 1 1 1 1 1 1 1 2 2 2 2 2 2 2 2 2 3 3 5 5
Case #689: 18 1 1 1 1 2 2 2 2 2 2 2 2 2 2 2 5 5 5
Case #690: 20 1 1 2 2 2 2 2 2 2 2 2 2 2 2 2 2 2 2 2 5
Case #691: 16 1 1 1 1 2 2 2 2 2 2 2 3 3 3 7 7
Case #692: 10 1 1 1 1 2 3 3 5 5 19
Case #693: 15 1 1 1 2 2 2 2 2 2 3 3 3 5 5 7
Case #694: 19 1 1 1 1 1 1 1 2 2 2 2 2 2 3 3 3 3 3 7
Case #695: 18 1 1 1 1 1 1 1 1 1 1 1 1 2 3 3 3 5 13
Case #696: 16 1 1 1 1 1 1 1 1 1 1 2 3 3 5 7 11
Case #697: 17 1 1 1 1 1 1 1 1 1 1 2 2 3 3 3 7 11
Case #698: 13 1 1 1 2 2 2 2 3 3 3 3 5 13
Case #699: 20 1 1 1 1 1 1 1 1 1 1 1 1 1 1 1 1 1 2 5 17
Case #700: 17 1 1 1 1 1 2 2 3 3 3 3 3 3 3 3 3 5
Case #701: -1
Case #702: -1
Case #703: 24 1 1 1 1 1 1 1 1 1 1 1 1 2 2 2 2 2 2 2 3 3 3 3 3
Case #704: 23 1 1 1 1 1 1 1 1 1 1 1 1 1 2 2 2 2 2 2 3 3 3 7
Case #705: 3 1 3 37
Case #706: -1
Case #707: 28 1 1 1 1 1 1 1 1 1 1 1 1 1 1 1 1 1 1 1 1 1 1 2 3 3 3 3 5
Case #708: 15 1 1 1 1 1 1 2 2 2 2 3 3 3 5 13
Case #709: 15 1 1 1 1 2 2 3 3 3 3 3 3 3 5 7
Case #710: -1
Case #711: 29 1 1 1 1 1 1 1 1 1 1 1 1 1 1 1 1 1 1 2 2 2 2 2 2 2 2 2 2 3
Case #712: 15 1 1 1 1 1 1 1 2 2 3 3 3 5 5 11
Case #713: 20 1 1 1 1 1 1 1 1 1 1 1 2 2 2 3 3 3 3 5 7
Case #714: 29 1 1 1 1 1 1 1 1 1 1 1 1 1 1 1 1 1 1 1 1 2 2 2 2 2 2 3 3 3
Case #715: 25 1 1 1 1 1 1 1 1 1 1 1 1 1 1 1 1 1 1 2 2 3 3 3 3 7
Case #716: -1
Case #717: 25 1 1 1 1 1 1 1 1 1 1 1 1 1 1 1 1 1 2 2 2 2 3 3 5 5
Case #718: 16 1 1 1 1 1 1 1 2 2 2 3 3 3 5 7 7
Case #719: 25 1 1 1 1 1 1 1 1 1 1 1 1 1 1 1 1 1 1 1 3 3 3 3 5 5
Case #720: 18 1 1 1 1 1 1 2 2 2 2 2 2 2 3 3 5 5 5
Case #721: 35 1 1 1 1 1 1 1 1 1 1 1 1 1 1 1 1 1 1 1 1 1 1 1 1 1 1 1 1 1 1 2 2 2 2 3
Case #722: 32 1 1 1 1 1 1 1 1 1 1 1 1 1 1 1 1 1 1 1 1 1 1 1 1 1 1 1 1 1 2 3 7
Case #723: 21 1 1 1 1 1 1 1 1 1 1 1 1 1 1 1 3 3 5 5 5 5
Case #724: 10 1 1 2 2 2 3 5 7 7 11
Case #725: 16 1 1 1 2 2 2 2 2 2 2 3 3 3 5 5 5
Case #726: 26 1 1 1 1 1 1 1 1 1 1 1 1 1 1 1 1 2 2 2 2 2 2 2 3 3 5
Case #727: -1
Case #728: -1
Case #729: 23 1 1 1 1 1 1 1 1 1 1 1 1 1 1 1 1 2 2 2 2 3 7 7
Case #730: 21 1 1 1 1 1 1 1 1 1 1 1 1 2 2 2 2 2 2 3 7 7
Case #731: 30 1 1 1 1 1 1 1 1 1 1 1 1 1 1 1 1 1 1 1 1 1 1 2 2 2 2 2 2 2 5
Case #732: 15 1 1 1 1 1 2 2 3 3 3 3 3 5 5 7
Case #733: 18 1 1 1 1 1 2 2 2 3 3 3 3 3 3 3 3 3 3
Case #734: 12 1 1 1 1 1 2 2 2 3 7 7 13
Case #735: 20 1 1 1 1 1 1 1 1 1 2 2 2 2 2 2 2 3 3 5 7
Case #736: 15 1 1 1 1 2 2 2 2 3 3 3 3 5 5 7
Case #737: 35 1 1 1 1 1 1 1 1 1 1 1 1 1 1 1 1 1 1 1 1 1 1 1 1 1 1 1 1 1 2 2 2 2 2 2
Case #738: -1
Case #739: 17 1 1 1 1 1 1 1 1 1 1 1 2 2 3 3 3 17
Case #740: 20 1 1 1 1 1 1 1 1 1 1 1 2 2 2 3 3 3 5 5 5
Case #741: 17 1 1 1 1 1 1 1 1 1 2 2 3 3 5 5 5 7
Case #742: 13 1 1 1 1 1 1 1 1 1 1 1 1 29
Case #743: 18 1 1 1 1 1 1 1 1 1 1 1 1 2 2 2 5 5 13
Case #744: 17 1 1 1 1 1 1 1 1 1 2 2 2 2 2 2 7 13
Case #745: -1
Case #746: 21 1 1 1 1 1 1 1 1 1 1 2 2 2 2 2 2 2 2 5 5 5
Case #747: 10 1 1 1 2 3 3 3 3 5 19
Case #748: 22 1 1 1 1 1 1 1 1 1 1 1 1 2 2 2 2 2 2 2 5 5 5
Case #749: 16 1 1 1 1 1 1 1 1 1 2 2 2 3 3 7 13
Case #750: 19 1 1 1 1 1 1 2 2 2 2 3 3 3 3 3 3 3 3 3
Case #751: 17 1 1 1 1 1 2 2 2 2 2 2 2 2 2 2 3 13
Case #752: 26 1 1 1 1 1 1 1 1 1 1 1 1 1 1 1 1 2 2 2 2 2 3 3 3 3 3
Case #753: 16 1 1 1 1 2 2 2 2 2 2 2 3 5 5 5 5
Case #754: 18 1 1 1 1 1 1 1 1 1 1 1 2 2 2 3 5 5 11
Case #755: 14 1 1 1 1 2 2 2 2 2 3 3 5 5 11
Case #756: 19 1 1 1 1 1 2 2 2 2 2 2 2 2 2 2 3 3 5 5
Case #757: 26 1 1 1 1 1 1 1 1 1 1 1 1 1 1 1 1 1 1 1 2 2 2 3 3 3 7
Case #758: 16 1 1 1 1 1 2 2 2 2 2 3 3 3 3 3 11
Case #759: 14 1 1 1 1 1 1 1 2 3 3 5 5 5 11
Case #760: 22 1 1 1 1 1 1 1 1 2 2 2 2 2 2 2 2 2 2 2 2 2 7
Case #761: 28 1 1 1 1 1 1 1 1 1 1 1 1 1 1 1 1 1 1 1 2 2 2 2 2 2 2 3 5
Case #762: -1
Case #763: 23 1 1 1 1 1 1 1 1 1 1 2 2 2 2 2 2 2 2 3 3 3 3 3
Case #764: 24 1 1 1 1 1 1 1 1 1 1 1 1 1 1 1 1 2 2 2 2 2 3 5 7
Case #765: 19 1 1 1 1 1 1 1 1 1 1 2 2 2 2 2 2 3 5 11
Case #766: 16 1 1 1 1 1 1 1 2 2 2 2 2 3 3 5 13
Case #767: 25 1 1 1 1 1 1 1 1 1 1 1 1 1 1 1 1 1 1 1 3 3 3 3 3 7
Case #768: 11 1 1 2 2 2 2 2 2 3 7 17
Case #769: 21 1 1 1 1 1 1 1 1 1 1 1 1 1 1 2 2 3 3 5 5 7
Case #770: -1
Case #771: 17 1 1 1 1 1 1 1 1 2 2 2 2 2 2 7 7 7
Case #772: 18 1 1 1 1 1 1 1 1 1 1 1 1 2 3 3 3 7 11
Case #773: 25 1 1 1 1 1 1 1 1 1 1 1 1 1 1 1 1 1 1 1 1 1 1 3 3 13
Case #774: 16 1 1 1 1 2 2 2 2 2 3 3 3 3 3 5 7
Case #775: 27 1 1 1 1 1 1 1 1 1 1 1 1 1 1 1 1 1 1 1 1 1 1 1 1 1 5 11
Case #776: -1
Case #777: -1
Case #778: 33 1 1 1 1 1 1 1 1 1 1 1 1 1 1 1 1 1 1 1 1 1 1 1 1 1 1 2 2 2 2 2 2 3
Case #779: 24 1 1 1 1 1 1 1 1 1 1 1 1 1 1 1 1 1 2 3 3 3 3 5 5
Case #780: 19 1 1 1 1 1 1 1 1 1 1 2 2 3 3 3 3 3 5 7
Case #781: -1
Case #782: 14 1 1 1 1 1 2 2 2 3 3 3 3 5 13
Case #783: -1
Case #784: -1
Case #785: 24 1 1 1 1 1 1 1 1 1 1 1 1 1 1 1 1 1 1 2 3 3 3 5 7
Case #786: 19 1 1 1 1 2 2 2 2 2 2 2 2 2 2 2 2 3 5 5
Case #787: 13 1 1 1 1 1 1 2 2 3 3 5 7 13
Case #788: 11 1 1 1 2 2 2 2 3 3 5 19
Case #789: 21 1 1 1 1 1 1 1 1 1 1 1 2 2 2 2 2 2 3 3 5 7
Case #790: 29 1 1 1 1 1 1 1 1 1 1 1 1 1 1 1 1 1 1 1 1 1 1 1 2 2 3 3 3 5
Case #791: 24 1 1 1 1 1 1 1 1 1 1 1 1 1 1 1 1 2 2 2 2 2 5 5 5
Case #792: 8 1 1 1 2 2 2 3 29
Case #793: 27 1 1 1 1 1 1 1 1 1 1 1 1 1 1 1 1 1 1 1 1 2 2 2 2 3 3 7
Case #794: 14 1 1 1 1 1 1 2 2 2 5 5 5 7 7
Case #795: 16 1 1 1 1 1 2 2 2 2 2 2 2 3 3 3 13
Case #796: 27 1 1 1 1 1 1 1 1 1 1 1 1 1 1 2 2 2 2 2 2 2 2 2 2 2 2 3
Case #797: 24 1 1 1 1 1 1 1 1 1 1 1 1 1 1 1 2 2 2 2 2 3 3 5 5
Case #798: 16 1 1 1 1 1 1 1 2 3 3 3 3 3 5 5 7
Case #799: 18 1 1 1 1 1 1 2 2 2 2 2 2 2 2 2 5 5 7
Case #800: 23 1 1 1 1 1 1 1 1 1 1 1 1 1 1 1 2 2 3 3 3 3 5 5
Case #801: 13 1 1 1 1 1 2 2 3 3 3 5 7 11
Case #802: 16 1 1 1 1 1 2 2 2 2 2 3 3 5 5 5 5
Case #803: 31 1 1 1 1 1 1 1 1 1 1 1 1 1 1 1 1 1 1 1 1 1 1 1 2 2 2 2 2 2 3 3
Case #804: 21 1 1 1 1 1 1 1 2 2 2 2 2 2 2 2 3 3 3 3 3 3
Case #805: 21 1 1 1 1 1 1 1 1 1 1 1 1 1 1 2 2 3 5 5 5 5
Case #806: 20 1 1 1 1 1 1 1 1 1 1 1 1 2 2 2 3 3 3 3 11
Case #807: 10 1 1 2 2 2 2 2 3 7 19
Case #808: 33 1 1 1 1 1 1 1 1 1 1 1 1 1 1 1 1 1 1 1 1 1 1 1 1 1 1 1 1 1 1 3 3 5
Case #809: 24 1 1 1 1 1 1 1 1 1 1 2 2 2 2 2 2 2 2 2 2 2 2 2 5
Case #810: 26 1 1 1 1 1 1 1 1 1 1 1 1 1 1 1 1 1 1 2 3 3 3 3 3 3 3
Case #811: 19 1 1 1 1 1 1 1 2 2 2 2 3 3 3 3 3 3 3 5
Case #812: 19 1 1 1 1 1 1 1 2 2 2 2 2 2 2 2 3 3 5 7
Case #813: 11 1 1 2 2 2 2 3 5 5 5 13
Case #814: 11 1 1 1 1 1 1 1 1 2 2 29
Case #815: 16 1 1 1 1 1 1 1 1 2 2 2 3 3 7 7 7
Case #816: -1
Case #817: 20 1 1 1 1 1 1 1 1 1 1 2 2 2 3 3 3 3 3 5 5
Case #818: 15 1 1 1 1 1 2 2 2 2 3 5 5 5 5 5
Case #819: -1
Case #820: -1
Case #821: -1
Case #822: 21 1 2 2 2 2 2 2 2 2 2 2 2 2 2 2 2 2 2 2 2 2
Case #823: 21 1 1 1 1 1 1 1 1 1 1 1 1 1 2 2 2 2 3 3 7 7
Case #824: 15 1 1 1 1 1 1 2 2 2 2 3 5 5 7 7
Case #825: 11 1 1 2 2 2 2 3 7 7 7 7
Case #826: 20 1 1 1 1 1 1 2 2 2 2 2 2 2 3 3 3 3 3 3 3
Case #827: 17 1 1 1 1 1 1 1 2 2 2 2 2 2 3 5 7 7
Case #828: 14 1 1 1 2 3 3 3 3 3 3 3 5 5 5
Case #829: 31 1 1 1 1 1 1 1 1 1 1 1 1 1 1 1 1 1 1 1 1 1 1 1 1 1 1 1 2 2 3 7
Case #830: -1
Case #831: 14 1 1 1 1 1 1 2 2 2 2 2 5 7 13
Case #832: -1
Case #833: 41 1 1 1 1 1 1 1 1 1 1 1 1 1 1 1 1 1 1 1 1 1 1 1 1 1 1 1 1 1 1 1 1 1 1 1 1 1 1 1 1 1
Case #834: 15 1 1 1 1 2 2 2 2 2 2 3 5 5 5 7
Case #835: 20 1 1 1 1 1 1 1 1 1 1 1 1 1 1 2 3 3 5 7 7
Case #836: 22 1 1 1 1 1 1 1 1 1 1 1 2 2 2 3 3 3 3 3 3 3 3
Case #837: -1
Case #838: 4 1 1 2 37
Case #839: -1
Case #840: 17 1 1 1 1 1 1 2 2 2 2 3 3 3 3 3 5 7
Case #841: 12 1 1 1 2 2 2 2 2 3 3 11 11
Case #842: 23 1 1 1 1 1 1 1 1 1 1 1 1 1 2 2 2 2 2 2 2 2 5 7
Case #843: 25 1 1 1 1 1 1 1 1 1 1 1 1 1 1 1 1 1 1 1 2 2 3 5 5 5
Case #844: 13 1 1 1 1 1 2 2 3 3 3 3 3 17
Case #845: 17 1 1 1 1 1 1 1 2 2 2 2 3 3 3 3 7 7
Case #846: 25 1 1 1 1 1 1 1 1 1 1 2 2 2 2 2 2 2 2 2 2 2 2 2 2 3
Case #847: 21 1 1 1 1 1 1 1 1 1 1 2 2 2 2 2 2 2 2 2 2 11
Case #848: 23 1 1 1 1 1 1 1 1 1 1 1 1 2 2 2 2 2 2 2 2 3 3 7
Case #849: 14 1 1 1 2 2 2 2 2 3 5 5 5 5 5
Case #850: 21 1 1 1 1 1 1 1 1 1 1 1 1 2 2 2 2 3 3 3 5 7
Case #851: -1
Case #852: 21 1 1 1 1 1 1 1 2 2 2 2 2 2 2 2 2 2 2 2 3 7
Case #853: -1
Case #854: 22 1 1 1 1 1 1 1 1 2 2 2 2 2 2 2 2 2 2 2 3 3 5
Case #855: 22 1 1 1 1 1 1 1 1 1 1 1 2 2 2 2 2 3 3 3 3 3 5
Case #856: -1
Case #857: 25 1 1 1 1 1 1 1 1 1 1 1 1 2 2 2 2 2 2 2 2 2 2 2 2 5
Case #858: 17 1 1 1 1 1 1 2 2 2 2 2 2 3 3 3 3 11
Case #859: 22 1 1 1 1 1 1 1 1 1 1 2 2 2 2 2 2 2 2 2 3 5 5
Case #860: 15 1 1 1 1 1 2 2 2 2 2 2 2 2 3 17
Case #861: 15 1 1 1 1 1 1 2 2 3 3 3 5 5 5 7
Case #862: 21 1 1 1 1 1 1 2 2 2 2 2 2 2 2 2 2 2 2 2 2 7
Case #863: 32 1 1 1 1 1 1 1 1 1 1 1 1 1 1 1 1 1 1 1 1 1 1 1 1 1 1 2 2 2 3 3 3
Case #864: 12 1 1 2 2 2 2 2 2 2 3 11 11
Case #865: 31 1 1 1 1 1 1 1 1 1 1 1 1 1 1 1 1 1 1 1 1 1 1 1 1 1 1 1 1 3 3 7
Case #866: 16 1 1 1 1 1 1 1 2 2 2 3 3 3 3 5 11
Case #867: 28 1 1 1 1 1 1 1 1 1 1 1 1 1 1 1 1 1 1 2 2 2 2 2 2 2 2 2 5
Case #868: 19 1 1 1 1 1 1 1 1 1 1 1 1 1 2 2 2 2 3 17
Case #869: 16 1 1 1 1 1 1 1 1 1 2 2 2 3 5 7 11
Case #870: 27 1 1 1 1 1 1 1 1 1 1 1 1 1 1 1 1 2 2 2 2 2 2 2 2 2 2 5
Case #871: -1
Case #872: 22 1 1 1 1 1 1 1 1 1 1 1 1 1 1 1 1 1 1 1 1 2 19
Case #873: 12 1 1 1 2 3 3 3 3 3 5 5 11
Case #874: -1
Case #875: 22 1 1 1 2 2 2 2 2 2 2 2 2 2 2 2 2 2 2 2 2 2 2
Case #876: 10 1 1 2 2 2 3 5 5 7 13
Case #877: 15 1 1 2 2 2 2 2 2 2 2 2 2 3 5 11
Case #878: 21 1 1 1 1 1 2 2 2 2 2 2 2 2 2 2 2 2 2 2 3 5
Case #879: 7 1 1 1 1 1 17 19
Case #880: 25 1 1 1 1 1 1 1 1 1 1 1 1 1 1 1 1 1 1 2 2 2 2 3 5 7
Case #881: -1
Case #882: 17 1 1 1 1 1 1 1 1 1 1 1 1 1 1 1 3 23
Case #883: 23 1 1 1 1 1 1 1 1 1 1 1 1 1 1 1 1 3 3 3 3 3 5 5
Case #884: -1
Case #885: -1
Case #886: 16 1 1 1 2 2 2 2 2 2 2 2 2 3 3 7 7
Case #887: -1
Case #888: 18 1 1 1 1 2 2 2 2 2 2 2 2 2 3 3 3 5 5
Case #889: -1
Case #890: 14 1 1 1 1 1 1 2 3 3 5 5 5 5 7
Case #891: 18 1 1 1 1 1 1 1 1 2 2 2 3 3 3 3 5 5 5
Case #892: 19 1 1 1 1 1 1 1 1 1 1 1 2 2 2 2 3 3 3 13
Case #893: 24 1 1 1 1 1 1 1 1 1 1 1 2 2 2 2 2 2 2 2 2 2 2 3 5
Case #894: 18 1 1 1 1 1 1 1 1 1 1 1 2 3 3 3 5 7 7
Case #895: -1
Case #896: 21 1 1 1 1 1 1 1 1 1 1 1 2 2 2 2 3 3 3 3 5 5
Case #897: -1
Case #898: 26 1 1 1 1 1 1 1 1 1 1 1 1 1 1 1 1 2 2 2 2 2 2 2 2 2 7
Case #899: 16 1 1 1 1 1 2 2 2 2 2 2 2 3 5 7 7
Case #900: 18 1 1 1 1 1 2 2 2 2 2 2 2 2 2 3 5 5 5
Case #901: 19 1 1 1 1 1 1 1 1 1 1 1 1 1 1 1 1 1 7 17
Case #902: 21 1 1 1 1 1 1 1 1 1 1 1 1 1 2 2 3 3 3 5 5 5
Case #903: 11 1 1 2 2 2 2 2 2 3 11 13
Case #904: 18 1 1 1 1 2 2 2 2 2 2 2 2 2 2 2 3 5 7
Case #905: 21 1 1 1 1 1 1 1 1 1 1 1 1 1 1 1 1 1 1 2 2 19
Case #906: -1
Case #907: 20 1 1 1 1 1 1 1 1 1 1 1 1 1 1 2 2 2 3 7 11
Case #908: 11 1 1 1 1 2 2 3 3 3 5 19
Case #909: 17 1 1 1 1 1 1 1 1 2 2 3 3 3 5 5 5 5
Case #910: 27 1 1 1 1 1 1 1 1 1 1 1 1 1 1 1 1 1 1 1 1 1 1 3 3 3 3 7
Case #911: 14 1 1 1 1 1 2 2 2 2 2 3 5 5 13
Case #912: -1
Case #913: 19 1 1 1 1 1 2 2 2 2 2 2 2 2 2 2 3 3 3 7
Case #914: 15 1 1 1 1 1 1 2 2 2 2 3 3 5 5 11
Case #915: 25 1 1 1 1 1 1 1 1 1 1 1 1 1 1 1 2 2 2 2 3 3 3 3 3 3
Case #916: 21 1 1 1 1 1 1 1 1 1 1 1 2 2 2 2 2 2 3 5 5 5
Case #917: 21 1 1 1 1 1 1 1 1 1 1 1 1 2 2 2 2 3 3 5 5 5
Case #918: 19 1 1 1 1 1 1 1 1 2 2 2 2 2 2 2 2 5 5 7
Case #919: 16 1 1 1 1 1 2 2 2 2 2 3 3 3 5 5 7
Case #920: 20 1 1 1 1 1 1 1 1 2 2 2 2 2 2 2 3 3 3 3 7
Case #921: -1
Case #922: 21 1 1 1 1 1 1 2 2 2 2 2 2 2 2 2 2 3 3 3 3 3
Case #923: 19 1 1 1 1 1 1 1 1 1 2 2 2 2 3 3 3 3 5 7
Case #924: 19 1 1 1 1 1 1 1 2 2 2 2 2 2 3 3 3 3 5 5
Case #925: 8 1 1 2 2 2 3 13 17
Case #926: 17 1 1 1 1 1 1 1 1 1 1 1 2 2 3 5 7 11
Case #927: 7 1 1 1 5 7 7 19
Case #928: 18 1 1 1 1 1 2 2 2 2 2 2 2 3 3 3 3 3 7
Case #929: 22 1 1 1 1 1 1 1 2 2 2 2 2 2 2 2 2 2 2 2 2 3 5
Case #930: -1
Case #931: 14 1 1 1 2 3 3 3 3 3 3 3 3 5 7
Case #932: -1
Case #933: 25 1 1 1 1 1 1 1 1 1 1 1 1 1 1 1 1 1 1 1 2 2 3 3 5 7
Case #934: 21 1 1 1 1 1 1 1 1 1 2 2 2 2 2 2 2 2 3 3 3 7
Case #935: 37 1 1 1 1 1 1 1 1 1 1 1 1 1 1 1 1 1 1 1 1 1 1 1 1 1 1 1 1 1 1 1 1 1 1 1 1 5
Case #936: 17 1 1 1 1 1 1 1 1 1 1 1 1 1 1 2 2 23
Case #937: 22 1 1 1 1 1 1 1 1 1 1 1 1 1 1 2 3 3 3 3 3 5 5
Case #938: 20 1 1 1 1 1 1 1 2 2 2 2 2 3 3 3 3 3 3 3 3
Case #939: 15 1 1 1 1 1 1 1 1 1 2 2 2 2 7 17
Case #940: -1
Case #941: 24 1 1 1 1 1 1 1 1 1 1 1 1 1 1 2 2 2 2 2 2 2 3 3 7
Case #942: 14 1 1 1 1 2 2 2 2 2 2 2 5 7 11
Case #943: 23 1 1 1 1 1 1 1 1 1 1 1 1 1 1 2 2 2 2 3 3 3 5 5
Case #944: 23 1 1 1 1 1 1 1 1 1 1 1 1 1 1 2 2 2 2 2 2 3 5 7
Case #945: -1
Case #946: 29 1 1 1 1 1 1 1 1 1 1 1 1 1 1 1 1 1 1 1 1 1 1 1 1 1 3 3 3 7
Case #947: 30 1 1 1 1 1 1 1 1 1 1 1 1 1 1 1 1 1 1 1 1 1 1 1 1 1 1 1 1 2 11
Case #948: 14 1 1 1 1 1 2 2 2 3 3 3 5 5 11
Case #949: 21 1 1 1 1 1 1 1 1 1 1 1 2 2 2 2 2 2 2 2 3 11
Case #950: 14 1 1 1 1 1 2 2 2 3 3 3 7 7 7
Case #951: 31 1 1 1 1 1 1 1 1 1 1 1 1 1 1 1 1 1 1 1 1 1 1 1 1 1 1 2 2 3 3 5
Case #952: 17 1 1 1 1 1 1 1 1 1 1 2 2 3 3 5 5 11
Case #953: 25 1 1 1 1 1 1 1 1 1 1 1 1 1 1 1 1 2 2 2 2 2 2 3 3 7
Case #954: -1
Case #955: 10 1 1 2 2 2 2 2 3 13 13
Case #956: -1
Case #957: -1
Case #958: -1
Case #959: 18 1 1 1 1 1 2 2 2 2 2 2 2 3 3 3 3 5 5
Case #960: 20 1 1 1 1 1 1 1 1 1 1 1 2 2 2 2 2 3 5 5 7
Case #961: 13 1 1 1 1 1 2 2 3 3 3 5 5 13
Case #962: 33 1 1 1 1 1 1 1 1 1 1 1 1 1 1 1 1 1 1 1 1 1 1 1 1 1 1 1 1 1 1 1 5 5
Case #963: 23 1 1 1 1 1 1 1 1 1 1 1 1 1 1 1 2 2 3 3 3 3 3 7
Case #964: 14 1 1 2 2 2 2 2 2 2 2 2 3 7 11
Case #965: 26 1 1 1 1 1 1 1 1 1 1 1 1 1 1 2 2 2 2 2 2 2 2 2 2 2 5
