965
66528
4725
9216
87480
75264
110250
3000
58054077
9489
20736
25600
7785
2688
1001604
12544
17
17820
160
24576
270000
288
10000
6765
524880
135000
912
3564
63000
3312
15552
13824
21600
62
252000
1056
89100
12348
457481
13440
1000000000
77
112
700
24300
7938
27184698
45000
971866761
11
52800
63180
16320
126
8347
61966
864
268800
14400
33696
25490988
1764
360000
546
30
388800
587234
126720
26
21384
162000
311040
480000
999999998
121
3960
4788
95040
1944
291600
105840
7025
630
102060
3900
3264
198450
8826131
9425
99
420
510205
23328
2400
40
70200
473
3888
32
2156
4675
103680
938017885
57
699840
42768
276480
14688
8320
22500
70400
17920
70000
6750
22176
21
104976
125
7
56
132000
32640
3645
3456
34
226151256
28000
38497
17136
9800
9
641
32768
110
184320
75600
105
28
36864
29120
52
82
122877509
244944
349920
2376
583200
405000
24480
4752
30030
9000
46
48000
241920
98415
1620
142560
47
2100
7455307
9409159
103
468
64152
19656
2940
23400
5200
375000
8660
123480
4680
11340
4536
8372259
37
625433749
476014
153600
1817
994617
2736
35280
64512
7040
3024
5601
100696425
5073
4943
6480
8424
112896
73728
124
34560
50544
118
95
27720
71280
3375
211680
8400
17424
56700
501
1215
32256
373248
340200
7920
6541551
460800
52416
981028563
1530
934
9100
13
26880
36960
49392
138240
64800
32076
28512
127008
322560
27216
20000
633
71
2304
51840
7296
7897861
954158175
2310
99840
8748
13122
70
300
10
96000
26460
107520
88704
82268566
29952
147456
25920
18240
67584
5044
31752
786432
23232
33401221
746803744
96
18432
29160
18
491520
324000
68
8000
98
10710
3509575
93312
236250
813
8640
964532929
967669583
589833267
257
96228
179200
9450
4914
44
2000
42000
3
900
85
104
2430
216000
87
115
987
43680
76032
54000
33600
34111
33
11016
79
1824
998506315
40950
66150
132300
142884
3120
5600
519
957262828
214573
54432
1741
1615
6840
336000
200000
72000
922505446
54
2200
29400
22950
27
1323
362880
20592
120
49
10752
5000
79548
58320
15680
19008
5808
33750
6400
53940
5040
42105
129
414720
84000
331776
5016
8
486000
196608
14040
54880
361
108000
150528
90
697106497
204120
49896
2720
16
84579
1001
430080
21000
165888
15
81648
4200
32670
29484
1600
12240
11000
31680
9600
653477439
24192
8015864
7390
20328
50000
5520
1671
116640
281250
32805
3528
4704
517759
408240
2592
432255
123
13860
51
25002
28672
182250
88
110592
135
20
18816
409342369
301056
34300
11232
5721
2097152
61740
1249
202500
5657
139968
9180
441
12000
10500
504
34944
1100
96768
36
983900459
81920
725573
21840
518400
8087519
8250
33792
50688
163840
53760
2
396
288000
134400
4896
92400
14256
589824
60480
84480
998244353
536870912
120000
40824
4480
67200
58
94770
41472
60000
5346
69888
5767201
989447237
7560
141120
43
16464
23100
5940
5297
21504
2618049
113
1632
82944
60
1520
91857
3780
2016
17280
8976
80
70235461
4560
83160
12672
14
128
105600
7392
8624
3696
1584
1386
76800
21870
43740
782
161280
4320
47628
904152917
3864
46080
65
986129769
2250
7680
42336
30240
47473
72900
75
66
3168
294912
19800
30973
63360
1800
50
56448
118800
57600
157464
59136
2340
68040
15750
15840
391
4733
262440
41600
660
622080
19440
4160
86400
23
181440
364500
93
78
2070
346742385
22464
122
98304
5250
94
5280
194400
57624
5184
4800
17640
72
221184
665
81
21168
24
106
5400
646
25200
614400
65536
4
5376
124416
61440
107
327680
442368
15876
56160
4608
23115571
59
552960
4312
3157819
2640
4488
48510
91
9504
395
43200
17550
85881
393216
235200
37800
15400
97200
1960
18480
19200
3240
466560
1440
176400
131220
69984
792
16200
787320
2160
999999999
50400
145152
155520
49920
108
10368
112000
70560
38016
14336
164640
97
8208
128000
73
6
37440
14112
969
10080
2431
233280
125440
12800
74880
129024
28800
163296
23760
448
105000
31
8772
35503
51030
99000
31590
33108
172032
55296
7290
282791
102
322081025
2520
101250
224
12960
368640
6399199
14700
44550
2730
672
35
65610
95256
12870
2880
768
49500
201600
362
207360
243000
90720
11085765
1134
100800
69120
77760
145800
196830
23040
29250
115200
256000
655360
169344
8550
302400
108864
3510
6930
8316
84240
170
393660
127
2906162
31104
12096
111
47958485
810
28080
306180
474
3072
29700
22680
1728
2268
118263990
3600
52920
2025
144000
48
42
5625
64680
432000
5760
1000000
83
2352
9408
640
170100
472392
15288
40320
226800
64
36283838
1836
27000
31500
29
2600
5824
194241
32000
15390
16000
6552
314928
39936
7776
240000
6600
79200
230400
1512
85536
24750
57344
1920
621008
62208
3360
10560
18720
1701
22848
6300
961175759
21952
4158
117
272160
55
949106497
688978813
192
4050
34020
21383
42120
131
6037
1890
307200
16380
13680
20160
540
4000
696
1008
49000
44928
12288
7200
85050
89600
8100
41580
180000
576
186624
7500
7128
12768
45
40960
4374
174960
80640
78000
116
24696
67893369
48600
150000
916855204
53
86
1048576
7056
58800
115248
279936
47040
546750
84
131980
14560
3371
1
168000
4410
52488
193
74
92317161
136080
34848
8960
1500
16524
63504
49152
11264
16128
300000
15120
999999937
86016
9827
92160
38880
48238
20480
57024
38400
13056
94500
114688
216
46464
63
35640
2560
816
9240
5120
900360029
38
133650
4539685
524288
54600
168960
245760
323
1680
2403381
69
6075
42755209
109
225792
926315427
345600
281
78750
81000
5616
30720
13230
673921
32400
67
3584
94080
192000
119
13500
27456
215040
76
71805
1848
10260
67500
567
31200
101
193536
39600
11664
24000
18000
44800
151200
72576
7389
248832
45360
129600
5304
4620
4655
217728
122880
64922375
459270
2707
1260
48384
5
92
12150
209952
1904
89
8064
49280
10800
6720
482421315
189
22
59400
8448
74088
180
9900
4032
80949857
16224
805306368
559
85712697
259200
16800
35100
25
6804
118272
10240
