100
5630 555906 6
100000 1000000000000000000 3
9046 160519 7
8892 186601 5
490 499674 1
2871 611476 1
9523 81976 5
0 1000000000000000000 1
2590 45700 5
701 837097 8
5759 165757 6
1551 635917 7
9352 507517 9
6366 921028 2
3901 458931 4
938 717057 3
2433 588437 7
4766 385349 3
6574 530230 2
7800 282033 2
7597 115191 5
1209 371972 7
3491 376189 1
1405 52064 3
3286 977701 4
9628 221919 9
3725 832955 1
1813 539974 3
0 1000000000000000000 1000000000
9324 755359 1
3976 759716 7
9332 549970 6
2739 884729 5
8984 321196 7
8483 164651 3
7977 626769 9
646 753992 3
3748 207521 4
8229 384684 2
9481 668314 4
4945 279540 7
6916 519450 6
4131 988357 1
2791 674701 5
121 131 1
1363 123520 8
2228 961000 6
22322 22322 1
0 132 1
999 99999 78788
1000000000 1000000000000000000 1
8135 346033 4
8764 690922 4
5303 577653 4
5811 811662 1
121 121 11
3376 156586 6
5992 237133 9
5272 393026 2
1056 45030 4
5649 246089 1
1396 974496 5
2789 205886 5
34432 9999920 222
5579 763362 2
121 132 1
39 1000000 3
873 84000 1
9597 30751 2
3568 887100 8
8324 696474 7
7243 39232 6
2519 171840 3
9151 163110 6
886 56750 8
9929 160753 4
3207 523325 2
2965 769993 4
6311 744038 5
1925 194236 4
2035 587687 6
8989 909410 5
1516 476245 5
8145 485026 9
4827 379304 8
6673 645665 9
3127 909969 3
1033 109791 2
573 319349 5
6153 882984 8
4401 792858 5
400 793131 4
1329 665400 3
1616 875376 6
1002 914907 8
0 100 2
9385 146808 1
8429 327368 2
10 22322 2
21345 4441283 13
