500
999999999 100 3 1
3 999999999 2 2
699118378 100 371255050 53
1000000000 1000000000 301408972 2
4 999999999 2 999999998
4 308024713 3 2
704993648 595827515 1 3
586838884 999999999 2 2
4 1000000000 3 3
999999999 3 3 1
1000000000 4 2 2
1000000000 999999999 2 999999998
3 811153361 1 12686097
100 999999999 1 3
999999999 4 2 3
1000000000 999999999 1 1
999999999 1000000000 3 2
100 1000000000 3 2
977912389 734778827 532290378 1
1000000000 3 1 2
2 3 1 1
100 999999999 57 187975571
100 999999999 99 1
100 305987626 2 48247012
874810763 1000000000 1 903855415
1000000000 999999999 999999999 999999998
3 1000000000 1 3
4 4 1 3
3 999999999 1 3
4 100 3 1
999999999 1000000000 2 2
100 3 2 1
3 2 2 1
3 190048202 1 3
621335426 20082604 2 3
4 100 3 99
100 4 1 3
4 1000000000 1 809590669
998645846 2 2 1
2 2 1 1
999999999 1000000000 999999998 3
100 3 98 2
4 1000000000 1 2
349725997 3 3 2
1000000000 999999999 3 999999998
100 4 2 2
999999999 100 999999998 3
1000000000 1000000000 1 1
3 1000000000 1 999999999
66434218 3 2 2
4 4 1 2
100 100 99 1
100 100 1 2
999999999 1000000000 999999998 1
100 1000000000 1 3
1000000000 1000000000 999999999 999999999
1000000000 1000000000 999999999 2
999999999 3 976671636 2
1000000000 999999999 2 1
1000000000 999999999 90055928 1
999999999 2 3 1
100 4 1 2
1000000000 4 3 2
1000000000 999999999 1 999999998
100 2 99 1
713458743 999999999 1 232415301
1000000000 2 999999999 1
999999999 100 3 3
1000000000 100 2 27
1000000000 3 198570665 2
100 461180180 3 3
100 39439397 2 35075686
100 999999999 2 1
1000000000 100 1 99
999999999 3 3 2
1000000000 4 999999999 2
903145896 4 200741956 3
1000000000 2 2 1
3 100 1 3
404696558 1000000000 344580310 355699065
207868204 1000000000 2 225202610
4 100 2 31
999999999 4 888595089 3
4 999999999 1 2
999999999 999999999 1 1
201238540 100 49757290 14
4 999999999 2 2
100 1000000000 3 1
3 4 2 3
999999999 2 999999998 1
999999999 1000000000 141127510 2
999999999 1000000000 3 233117279
4 100 1 1
999999999 1000000000 3 3
992439437 2 2 1
4 999999999 1 344277279
4 100 2 91
372315310 428364244 1 1
4 100 2 3
1000000000 634373833 687984129 3
999999999 100 1 99
1000000000 999999999 2 2
100 4 1 1
4 999999999 1 1
999999999 4 37069733 2
3 387806766 2 3
4 999999999 3 3
543383962 764857696 2 41522173
3 100 1 99
100 1000000000 1 2
2 999999999 1 1
3 131597407 2 130390896
2 611627491 1 2
1000000000 1000000000 999999999 3
999999999 1000000000 3 999999999
126406469 999999999 3 3
1000000000 100 2 1
999999999 999999999 2 1
1000000000 2 592728920 1
100 100 70 2
1000000000 999999999 3 1
160776118 100 1 1
100 100 2 1
999999999 100 2 1
1000000000 100 2 2
2 100 1 3
999999999 3 768481208 2
702326696 999999999 3 1
452792670 1000000000 2 115192647
3 4 1 2
4 1000000000 1 999999999
3 929445484 2 1
4 1000000000 2 999999999
688697997 456509775 2 1
3 100 2 3
999999999 2 2 1
1000000000 999999999 3 2
1000000000 1000000000 245797795 1
100 102245557 1 1
100 4 99 2
999999999 100 1 2
999999999 1000000000 1 1
588175668 2 2 1
3 999999999 2 1
1000000000 999999999 1 2
100 999999999 1 4861357
1000000000 100 999999999 99
4 4 3 1
4 100 3 3
100 397986566 65 2
999999999 3 2 2
100 999999999 72 3
3 100 2 2
999999999 734992451 64730372 1
3 4 1 3
100 999999999 1 2
100 1000000000 3 3
1000000000 3 2 1
100 4 84 3
999999999 100 1 1
999999999 100 3 2
100 100 3 1
4 100 1 3
4 4 2 1
100 2 9 1
999999999 999999999 13776769 2
1000000000 999999999 999999999 3
999999999 2 1 1
1000000000 1000000000 3 999999999
4 410312616 3 176330867
999999999 999999999 3 2
3 3 2 2
1000000000 748176992 2 3
100 100 99 3
1000000000 4 1 2
1000000000 3 999999999 2
100 999999999 99 3
2 4 1 1
2 475952396 1 3
999999999 100 999999998 2
999999999 999999999 1 3
999999999 100 2 2
4 4 2 2
259765240 2 1 1
100 100 2 99
1000000000 3 3 2
3 999999999 2 3
100 1000000000 2 1
999999999 3 2 1
4 999999999 2 3
999999999 999999999 470395372 2
268284003 3 3 1
820459816 1000000000 228363612 2
1000000000 1000000000 3 1
1000000000 4 3 1
271589777 216429783 1 1
3 4 1 1
4 4 1 1
100 100 3 99
3 1000000000 1 638408569
999999999 1000000000 999999998 999999999
100 100 2 80
2 999999999 1 3
4 1000000000 1 1
100 1000000000 99 3
4 1000000000 3 999999999
3 999999999 1 999999998
803061495 4 3 3
999999999 4 1 2
100 100 3 3
999999999 553819129 274277625 13275303
3 1000000000 1 1
4 867643142 2 2
1000000000 3 1 1
1000000000 723284552 647366837 1
999999999 999999999 3 999999998
475576299 79599546 62711377 1
4 100 1 2
100 351514573 1 3
109588419 516866303 95880941 3
3 3 1 2
999999999 1000000000 1 999999999
3 560442205 2 3
1000000000 100 99694839 3
999999999 999999999 2 999999998
1000000000 100 1 1
3 100 1 2
100 999999999 99 2
1000000000 1000000000 3 3
1000000000 4 1 1
3 3 2 1
1000000000 1000000000 2 2
1000000000 1000000000 2 1
999999999 999999999 1 999999998
4 3 1 1
999999999 999999999 999999998 999999998
2 999999999 1 235322552
1000000000 999999999 999999999 1
377173489 999999999 3 1
4 21218471 2 2
4 999999999 3 999999998
4 345870621 1 11170728
100 2 3 1
100 999999999 43 2
999999999 1000000000 2 724564983
100 492122489 3 2
755742919 1000000000 2 2
1000000000 1000000000 999999999 1
159636198 2 132750702 1
100 4 2 3
1000000000 3 2 2
999999999 1000000000 3 1
4 100 2 99
2 270189690 1 1
1000000000 1000000000 990110168 2
1000000000 100 3 2
4 100 3 2
4 625855660 3 1
3 100 2 99
3 100 2 1
1000000000 999999999 2 3
100 999999999 3 3
1000000000 100 1 2
1000000000 100 999999999 3
400638252 4 3 2
100 2 2 1
4 3 3 2
3 1000000000 2 999999999
100 4 3 3
1000000000 3 999999999 1
999999999 153855548 3 2
100 100 99 2
2 4 1 3
999999999 4 999999998 1
2 4 1 2
100 2 22 1
1000000000 1000000000 2 3
3 999999999 2 999999998
1000000000 2 1 1
1000000000 999999999 3 3
4 999999999 3 2
3 4 2 1
100 999999999 2 217038469
100 1000000000 2 3
4 2 1 1
2 3 1 2
100 3 99 2
2 100 1 2
3 1000000000 1 2
100 100 1 99
1000000000 4 2 1
100 4 99 1
999999999 100 999999998 99
1000000000 999999999 2 47219043
999999999 1000000000 2 999999999
100 3 1 2
999999999 4 999999998 3
999999999 3 1 2
999999999 3 618585901 2
2 100 1 1
945684593 999999999 725490874 3
100 999999999 1 913663288
1000000000 100 3 3
100 999999999 3 607160337
100 999999999 1 1
999999999 999999999 999999998 2
3 1000000000 2 3
1000000000 100 450060632 3
779009402 100 3 3
999999999 3 132294377 2
1000000000 100 999999999 1
999999999 1000000000 1 3
999999999 4 1 1
1000000000 1000000000 1 4469475
19089712 3 3 1
100 3 99 1
999999999 130079639 121158886 3
568263512 100 2 43
2 1000000000 1 999999999
671771882 1000000000 458242975 1
251333014 100 1 2
999999999 999999999 999999998 3
1000000000 1000000000 1 3
1000000000 100 2 3
1000000000 4 999999999 1
1000000000 889034323 2 585497466
3 4 2 2
38475058 4 38289611 2
4 4 2 3
1000000000 1000000000 1 999999999
606735969 100 574575067 9
4 314723735 2 2
4 1000000000 2 374349453
3 565428755 1 2
4 4 3 2
70829133 100 3 26
100 1000000000 99 1
630783940 100 3 2
914040527 100 1 2
2 477765917 1 413635441
427727826 1000000000 3 1
3 999999999 1 1
100 1000000000 2 2
100 2 1 1
999999999 100 2 11
100 4 99 3
4 3 2 2
4 3 1 2
100 999999999 2 999999998
1000000000 84082569 375561153 2
365482087 971250614 97597 28576180
999999999 999999999 1 2
100 999999999 3 999999998
4 3 2 1
3 1000000000 2 2
999999999 100 2 99
999999999 999999999 2 3
351511977 1000000000 3 1
3 999999999 1 2
4 2 3 1
4 3 3 1
100 3 1 1
100 3 2 2
999999999 100 3 99
1000000000 100 872721048 64
999999999 100 2 3
4 999999999 3 1
100 999999999 2 3
1000000000 1000000000 3 2
3 999999999 2 217585714
100 100 3 2
163592637 549432548 2 110629430
999999999 100 3 89
2 100 1 99
3 100 1 1
4 2 2 1
999999999 1000000000 488516079 1
100 999999999 99 999999998
100 999999999 3 2
1000000000 100 3 62
1000000000 1000000000 244626410 3
4 249842301 1 1
3 2 1 1
2 243229745 1 59406209
4 40276081 1 3
999999999 999999999 2 2
1000000000 1000000000 432922762 516684653
543390985 2 25843304 1
4 999999999 1 999999998
100 999999999 3 1
4 100 2 1
598618548 1000000000 1 2
4 1000000000 2 2
4 999999999 2 1
759115178 100 3 1
999999999 4 3 2
2 1000000000 1 1
999999999 1000000000 999999998 2
999999999 1000000000 1 2
100 999999999 1 999999998
4 1000000000 1 3
100 4 2 1
999999999 3 999999998 2
100 4 3 2
999999999 100 1 3
999999999 4 2 1
100 4 3 1
2 1000000000 1 2
1000000000 935367125 2 688653704
1000000000 3 3 1
999999999 489345280 108542079 3
999999999 396025382 2 2
999999999 1000000000 2 3
1000000000 100 3 1
499812538 999999999 1 1
3 999999999 2 478452455
999999999 3 1 1
515006471 3 3 2
100 1000000000 1 1
4 142306207 2 3
100 999999999 83 1
100 100 3 48
100 999999999 5 3
999999999 4 1 3
1000000000 100 2 99
474573491 100 2 2
100 100 2 2
904027769 100 278679397 3
135818523 100 127108945 1
900930753 3 3 1
100 1000000000 3 999999999
4 1000000000 2 1
999999999 3 999999998 1
270079655 4 13920983 1
4 1000000000 3 1
4 999999999 1 3
999999999 1000000000 38408940 1
1000000000 1000000000 1 2
407111787 999999999 158724311 2
999999999 4 3 3
999999999 999999999 3 3
1000000000 4 2 3
100 1000000000 99 999999999
4 1000000000 2 3
100 100 2 3
1000000000 1000000000 2 999999999
946260157 2 1 1
569981406 4 2 2
2 590064564 1 410727603
6565870 999999999 5153895 286487589
4 100 1 99
690839093 999999999 2 3
2 999999999 1 999999998
2 999999999 1 2
999999999 100 999999998 1
999999999 4 3 1
999999999 999999999 3 97982365
1000000000 100 999999999 2
999999999 999999999 3 361042743
100 1000000000 2 999999999
1000000000 2 3 1
100 3 3 1
999999999 999999999 3 1
189832940 1000000000 2 3
3 999999999 2 930212147
1000000000 999999999 999999999 2
4 100 2 2
100 1000000000 99 2
999999999 999999999 999999998 1
1000000000 352351844 795508322 1
100 916630865 1 2
1000000000 100 1 3
999999999 4 999999998 2
1000000000 4 1 3
100 999999999 2 2
4 1000000000 2 812085677
1000000000 4 999999999 3
100 100 1 1
3 637320062 1 460765579
804684832 197217720 1 153175513
100 3 3 2
3 332461468 2 3
999999999 1000000000 2 1
100 1000000000 1 999999999
100 1000000000 3 881233701
999999999 4 627313199 3
406955220 100 2 1
3 1000000000 2 1
4 100 2 71
2 1000000000 1 3
3 3 1 1
4 1000000000 3 2
1000000000 4 3 3
4 292678792 1 2
100 100 99 99
1000000000 999999999 1 3
999999999 4 2 2
100 100 1 3
4 4 3 3
1000000000 100 3 99
