95
317 1316 1
71 1070 2
263 1262 3
813 1812 1
828 1827 3
579 1578 1
673 1672 4
730 1729 1
566 1565 2
444 1443 5
490 1489 5
594 1593 4
359 1358 4
239 1238 2
341 1340 1
814 1813 4
752 1751 3
412 1411 2
390 1389 4
419 1418 4
499 1498 3
888 1887 5
387 1386 5
698 1697 2
472 1471 4
861 1860 1
281 1280 1
995 1994 3
404 1403 3
752 1751 5
595 1594 3
107 1106 4
842 1841 2
141 1140 3
815 1814 3
186 1185 3
666 1665 3
630 1629 5
451 1450 4
798 1797 2
107 1106 2
864 1863 2
229 1228 5
504 1503 2
717 1716 4
518 1517 2
445 1444 2
864 1863 5
338 1337 3
349 1348 4
896 1895 1
589 1588 1
396 1395 1
412 1411 1
712 1711 5
539 1538 1
605 1604 3
897 1896 3
793 1792 2
183 1182 4
212 1211 3
542 1541 5
145 1144 2
667 1666 5
210 1209 2
987 1986 4
70 1069 1
105 1104 3
837 1836 4
889 1888 1
553 1552 2
24 1023 2
524 1523 4
767 1766 1
739 1738 2
690 1689 3
646 1645 3
262 1261 5
628 1627 5
378 1377 5
594 1593 4
94 1093 1
95 1094 4
281 1280 5
871 1870 3
28 1027 3
838 1837 5
195 1194 2
251 1250 5
578 1577 5
984 1983 3
270 1269 4
971 1970 2
411 1410 1
370 1369 4
