95
0 1000000000000000000 5
0 1000000000000000000 5
0 1000000000000000000 5
0 1000000000000000000 1
0 1000000000000000000 2
0 1000000000000000000 1
0 1000000000000000000 1
0 1000000000000000000 2
0 1000000000000000000 3
0 1000000000000000000 4
0 1000000000000000000 4
0 1000000000000000000 3
0 1000000000000000000 1
0 1000000000000000000 2
0 1000000000000000000 1
0 1000000000000000000 2
0 1000000000000000000 4
0 1000000000000000000 1
0 1000000000000000000 3
0 1000000000000000000 2
0 1000000000000000000 2
0 1000000000000000000 1
0 1000000000000000000 2
0 1000000000000000000 4
0 1000000000000000000 2
0 1000000000000000000 2
0 1000000000000000000 1
0 1000000000000000000 3
0 1000000000000000000 3
0 1000000000000000000 5
0 1000000000000000000 1
0 1000000000000000000 4
0 1000000000000000000 4
0 1000000000000000000 1
0 1000000000000000000 2
0 1000000000000000000 4
0 1000000000000000000 2
0 1000000000000000000 1
0 1000000000000000000 4
0 1000000000000000000 5
0 1000000000000000000 5
0 1000000000000000000 1
0 1000000000000000000 2
0 1000000000000000000 4
0 1000000000000000000 4
0 1000000000000000000 5
0 1000000000000000000 5
0 1000000000000000000 2
0 1000000000000000000 1
0 1000000000000000000 4
0 1000000000000000000 3
0 1000000000000000000 3
0 1000000000000000000 1
0 1000000000000000000 2
0 1000000000000000000 2
0 1000000000000000000 1
0 1000000000000000000 3
0 1000000000000000000 2
0 1000000000000000000 5
0 1000000000000000000 5
0 1000000000000000000 4
0 1000000000000000000 3
0 1000000000000000000 1
0 1000000000000000000 5
0 1000000000000000000 1
0 1000000000000000000 1
0 1000000000000000000 2
0 1000000000000000000 3
0 1000000000000000000 5
0 1000000000000000000 5
0 1000000000000000000 1
0 1000000000000000000 3
0 1000000000000000000 1
0 1000000000000000000 2
0 1000000000000000000 2
0 1000000000000000000 3
0 1000000000000000000 4
0 1000000000000000000 3
0 1000000000000000000 5
0 1000000000000000000 5
0 1000000000000000000 3
0 1000000000000000000 4
0 1000000000000000000 4
0 1000000000000000000 2
0 1000000000000000000 2
0 1000000000000000000 5
0 1000000000000000000 2
0 1000000000000000000 4
0 1000000000000000000 2
0 1000000000000000000 5
0 1000000000000000000 3
0 1000000000000000000 1
0 1000000000000000000 2
0 1000000000000000000 5
0 1000000000000000000 3
