30
1000000
13678 243 1000000
1 21
1000000
13678 243 1000000
1 21
1000000
13678 243 1000000
1 21
1000000
13678 243 1000000
1 21
1000000
13678 243 1000000
1 21
1000000
13678 243 1000000
1 21
1000000
13678 243 1000000
1 21
1000000
13678 243 1000000
1 21
1000000
13678 243 1000000
1 21
1000000
13678 243 1000000
1 21
1000000
13678 243 1000000
1 21
1000000
13678 243 1000000
1 21
1000000
13678 243 1000000
1 21
1000000
13678 243 1000000
1 21
1000000
13678 243 1000000
1 21
1000000
13678 243 1000000
1 21
1000000
13678 243 1000000
1 21
1000000
13678 243 1000000
1 21
1000000
13678 243 1000000
1 21
1000000
13678 243 1000000
1 21
1000000
13678 243 1000000
1 21
1000000
13678 243 1000000
1 21
1000000
13678 243 1000000
1 21
1000000
13678 243 1000000
1 21
1000000
13678 243 1000000
1 21
1000000
13678 243 1000000
1 21
1000000
13678 243 1000000
1 21
1000000
13678 243 1000000
1 21
1000000
13678 243 1000000
1 21
1000000
13678 243 1000000
1 21
