65
259149987802241 6689368820300403 3534721002568495
9 15 5802491041437611
4 6 2271224666368145
4 7 6988873275022466
48878 70096 1422160026469748
2 3 2
4175966084693454 5040165207533386 1846283425419327
1 1 6044898352400565
10 13 11234567890
1 3 100
10 13 3337041873753082
4 4 4198590241362000
725831654114702 4541733210835335 2742887072719959
314 512 1024
4 6 7754441745231444
10 10 4042027009034951
7 7 6977204123379581
60280 106158 382504020903546
9 10 9259928947805118
63664 95087 9775891537969006
6 9 2903294259185990
8025714536856354 9903000027803061 904922510325972
64922 110795 4504704366599950
3 5 840843200459482
10 13 8689503031950123
1 1 1000000000000
2 3 9429605562755370
2 3 5
4930 6317 3001060110844245
4 4 1760792368134037
2 3 1
5 1 100
37177 52260 3627623246300954
2 2 5384712727499747
650920191250544 3690753017565881 4021727189586015
80006 121046 2203488461171151
26597 37816 4245730305851899
13988 25555 2154753727553324
13973 26419 3513626523439425
1 1 3771679948420674
1 1000000000000 1
2 2 9825445613196928
1 1 7851116204037232
1000000000000 1 1
59617 76399 8216425361382011
74116 111994 1493371909130523
9 17 7379218941168776
9334 14595 5458585253152592
314 512 133769420
1 1000000000000 1000000000000
7 12 6439637337963783
6396320710057362 7814230344468181 3183274048075890
7861 11257 5477539912208008
74036 112850 549053549625598
6761462000443010 904477908128201 3043816924959190
9 9 2395440648063235
5 7 4495587747091262
6 9 497087563
8272 10247 5338458442301888
9706554173387903 5097740681849255 2095245244912381
25878 28689 9188723367817961
1000000000000 1 1000000000000
9545048558841825 6899255672076999 9272818149758853
5 9 2462869142646418
2 2 1081292147434158
