Case #1: 10 1 1 1 1 1 1 1 1 2 31
Case #2: 8 3 3 4 5 5 6 6 9
Case #3: 3 5 17 19
Case #4: 6 2 3 5 6 8 17
Case #5: -1
Case #6: 9 3 3 3 3 5 6 6 6 6
Case #7: -1
Case #8: -1
Case #9: 11 1 1 1 1 1 1 1 1 1 3 29
Case #10: 7 3 4 4 6 8 8 8
Case #11: 6 3 5 8 8 8 9
Case #12: 6 6 6 6 7 8 8
Case #13: 3 10 10 21
Case #14: 5 1 5 5 10 20
Case #15: 10 2 3 3 3 3 3 3 5 7 9
Case #16: 5 5 6 8 10 12
Case #17: 4 5 8 8 20
Case #18: 4 6 8 9 18
Case #19: 7 2 4 5 5 6 7 12
Case #20: 3 2 3 36
Case #21: -1
Case #22: -1
Case #23: -1
Case #24: 5 2 6 7 10 16
Case #25: 5 5 5 9 10 12
Case #26: 4 3 5 9 24
Case #27: 6 3 3 6 6 9 14
Case #28: 3 6 10 25
Case #29: 8 1 1 1 1 1 2 13 21
Case #30: -1
Case #31: 4 3 6 11 21
Case #32: 3 9 12 20
Case #33: -1
Case #34: 5 4 4 7 10 16
Case #35: 7 3 3 5 6 7 8 9
Case #36: 22 1 1 1 1 1 1 1 1 1 1 1 1 1 1 1 1 1 1 1 1 7 14
Case #37: -1
Case #38: 7 3 3 3 7 8 8 9
Case #39: 12 1 1 1 1 1 1 1 1 1 1 1 30
Case #40: 7 1 1 1 1 1 2 34
Case #41: 5 5 6 8 9 13
Case #42: 11 1 1 1 1 1 1 1 1 1 5 27
Case #43: 5 2 6 8 8 17
Case #44: 6 2 5 5 9 9 11
Case #45: 7 3 3 4 7 8 8 8
Case #46: 20 1 1 1 1 1 1 1 1 1 1 1 1 1 1 1 1 1 1 2 21
Case #47: 8 3 4 4 4 4 6 8 8
Case #48: 4 3 5 12 21
Case #49: 6 2 4 6 8 8 13
Case #50: -1
Case #51: 6 2 7 8 8 8 8
Case #52: 6 3 5 6 6 8 13
Case #53: -1
Case #54: 8 3 4 4 5 6 6 6 7
Case #55: 6 1 5 5 5 7 18
Case #56: -1
Case #57: 6 5 6 6 6 9 9
Case #58: 4 3 7 11 20
Case #59: -1
Case #60: 8 1 1 1 1 1 1 4 31
Case #61: -1
Case #62: 8 1 2 5 5 5 7 7 9
Case #63: 4 1 4 11 25
Case #64: 8 3 4 4 4 5 6 7 8
Case #65: -1
Case #66: 18 1 1 1 1 1 1 1 1 1 1 1 1 1 1 1 1 1 24
Case #67: 7 2 3 5 5 5 8 13
Case #68: 4 2 5 9 25
Case #69: 9 2 3 4 4 4 4 5 7 8
Case #70: 6 3 5 6 6 9 12
Case #71: 15 1 1 1 1 1 1 1 1 1 1 1 1 1 3 25
Case #72: 19 1 1 1 1 1 1 1 1 1 1 1 1 1 1 1 1 1 5 19
Case #73: 6 3 4 5 8 8 13
Case #74: 6 6 6 6 6 8 9
Case #75: 2 1 40
Case #76: 4 3 11 12 15
Case #77: 6 4 5 5 7 10 10
Case #78: -1
Case #79: 4 3 6 14 18
Case #80: 7 2 5 5 6 7 8 8
Case #81: 5 6 6 7 9 13
Case #82: 7 3 3 6 6 7 7 9
Case #83: -1
Case #84: 4 8 9 12 12
Case #85: 7 1 1 1 1 3 7 27
Case #86: -1
Case #87: 8 2 3 5 5 5 6 7 8
Case #88: 3 10 15 16
Case #89: 24 1 1 1 1 1 1 1 1 1 1 1 1 1 1 1 1 1 1 1 1 1 1 1 18
Case #90: 4 8 8 10 15
Case #91: 16 1 1 1 1 1 1 1 1 1 1 1 1 1 1 4 23
Case #92: 6 3 3 5 7 8 15
Case #93: 5 4 5 5 9 18
Case #94: 8 1 1 1 1 1 1 1 34
Case #95: 6 1 2 5 5 9 19
Case #96: 7 1 4 4 8 8 8 8
Case #97: -1
Case #98: -1
Case #99: 4 2 3 16 20
Case #100: 5 3 3 6 12 17
Case #101: -1
Case #102: 6 4 5 6 8 8 10
Case #103: -1
Case #104: 19 1 1 1 1 1 1 1 1 1 1 1 1 1 1 1 1 1 4 20
Case #105: -1
Case #106: 9 3 3 3 3 4 5 6 6 8
Case #107: 6 1 3 7 7 7 16
Case #108: 8 2 3 4 4 4 5 8 11
Case #109: 6 1 2 7 8 10 13
Case #110: 5 2 7 7 10 15
Case #111: 6 3 4 6 6 6 16
Case #112: 6 3 5 7 7 7 12
Case #113: 4 8 8 9 16
Case #114: 7 4 5 5 5 5 5 12
Case #115: 6 5 6 6 6 6 12
Case #116: -1
Case #117: 6 1 1 1 1 3 34
Case #118: 7 1 1 1 3 5 15 15
Case #119: 7 3 5 6 6 6 7 8
Case #120: 8 3 3 3 4 6 6 8 8
Case #121: -1
Case #122: 5 3 7 8 11 12
Case #123: -1
Case #124: 3 6 15 20
Case #125: 37 1 1 1 1 1 1 1 1 1 1 1 1 1 1 1 1 1 1 1 1 1 1 1 1 1 1 1 1 1 1 1 1 1 1 1 1 5
Case #126: 7 2 5 5 5 5 7 12
Case #127: 5 5 6 9 10 11
Case #128: 6 3 4 6 7 9 12
Case #129: 10 1 1 1 1 1 1 1 1 1 32
Case #130: -1
Case #131: 13 1 1 1 1 1 1 1 1 1 1 3 7 21
Case #132: -1
Case #133: 5 6 6 8 8 13
Case #134: 5 6 8 8 8 11
Case #135: 6 5 6 6 7 8 9
Case #136: 7 2 3 5 5 7 9 10
Case #137: 6 2 6 7 7 7 12
Case #138: -1
Case #139: 5 3 7 10 10 11
Case #140: 8 1 1 1 1 1 1 3 32
Case #141: 8 3 3 4 5 5 5 8 8
Case #142: 4 5 6 15 15
Case #143: 8 2 3 4 5 5 6 8 8
Case #144: 8 3 5 5 5 5 6 6 6
Case #145: -1
Case #146: -1
Case #147: 6 3 3 7 8 9 11
Case #148: 3 7 12 22
Case #149: 8 2 4 4 4 5 6 8 8
Case #150: 41 1 1 1 1 1 1 1 1 1 1 1 1 1 1 1 1 1 1 1 1 1 1 1 1 1 1 1 1 1 1 1 1 1 1 1 1 1 1 1 1 1
Case #151: -1
Case #152: 6 2 3 4 5 8 19
Case #153: 4 2 10 11 18
Case #154: 9 1 1 1 1 1 1 1 1 33
Case #155: 4 4 11 12 14
Case #156: 5 5 6 6 8 16
Case #157: 8 3 5 5 5 5 5 5 8
Case #158: 4 6 6 11 18
Case #159: 4 7 10 10 14
Case #160: 4 3 4 12 22
Case #161: -1
Case #162: 5 3 4 5 12 17
Case #163: 4 3 5 13 20
Case #164: 6 4 4 4 5 8 16
Case #165: 7 3 5 6 6 6 6 9
Case #166: 7 4 6 6 6 6 6 7
Case #167: 7 3 4 4 5 6 8 11
Case #168: 6 1 1 4 7 8 20
Case #169: 6 3 3 3 5 9 18
Case #170: -1
Case #171: 7 2 4 5 7 7 7 9
Case #172: 3 5 16 20
Case #173: 6 2 5 6 7 8 13
Case #174: 6 2 3 4 8 11 13
Case #175: 7 3 3 5 6 6 6 12
Case #176: 14 1 1 1 1 1 1 1 1 1 1 1 1 1 28
Case #177: 6 3 3 8 9 9 9
Case #178: 8 3 3 5 5 6 6 6 7
Case #179: 7 3 4 5 5 5 8 11
Case #180: 6 2 4 7 7 9 12
Case #181: 4 7 10 12 12
Case #182: 7 4 5 5 6 6 7 8
Case #183: 7 4 5 5 6 6 6 9
Case #184: 5 3 8 9 9 12
Case #185: 4 9 10 10 12
Case #186: 5 8 8 8 8 9
Case #187: 17 1 1 1 1 1 1 1 1 1 1 1 1 1 1 1 4 22
Case #188: 6 3 5 6 8 8 11
Case #189: 6 2 3 4 8 8 16
Case #190: 11 1 1 1 1 1 1 1 1 1 1 31
Case #191: 5 3 3 8 11 16
Case #192: 19 1 1 1 1 1 1 1 1 1 1 1 1 1 1 1 1 1 3 21
Case #193: 5 5 5 5 10 16
Case #194: 5 1 1 6 16 17
Case #195: -1
Case #196: 6 1 1 1 3 16 19
Case #197: 6 5 5 5 5 5 16
Case #198: 5 7 7 8 9 10
Case #199: 6 1 2 7 10 10 11
Case #200: 10 3 3 3 3 3 3 3 3 8 9
Case #201: 6 3 5 5 7 9 12
Case #202: 21 1 1 1 1 1 1 1 1 1 1 1 1 1 1 1 1 1 1 1 9 13
Case #203: 8 3 3 3 5 5 6 8 8
Case #204: 4 4 10 11 16
Case #205: 6 3 5 7 8 9 9
Case #206: 9 3 3 3 3 5 5 5 6 8
Case #207: 7 1 1 1 5 9 9 15
Case #208: 7 3 4 6 6 7 7 8
Case #209: 4 3 10 10 18
Case #210: 5 4 6 7 8 16
Case #211: 4 3 5 6 27
Case #212: -1
Case #213: -1
Case #214: 9 3 3 3 3 3 5 6 7 8
Case #215: 3 5 12 24
Case #216: 6 3 6 6 6 8 12
Case #217: 5 6 6 7 7 15
Case #218: 5 5 7 7 10 12
Case #219: 7 4 4 4 5 8 8 8
Case #220: 35 1 1 1 1 1 1 1 1 1 1 1 1 1 1 1 1 1 1 1 1 1 1 1 1 1 1 1 1 1 1 1 1 1 1 7
Case #221: 7 3 5 5 5 6 8 9
Case #222: 6 2 4 4 5 10 16
Case #223: 4 1 7 9 24
Case #224: 4 2 5 13 21
Case #225: 5 3 7 7 12 12
Case #226: 8 1 1 1 1 1 1 2 33
Case #227: -1
Case #228: -1
Case #229: 4 8 10 11 12
Case #230: -1
Case #231: 6 3 3 4 6 12 13
Case #232: 3 2 14 25
Case #233: 6 1 1 1 2 17 19
Case #234: 27 1 1 1 1 1 1 1 1 1 1 1 1 1 1 1 1 1 1 1 1 1 1 1 1 1 1 15
Case #235: 8 3 4 4 4 4 7 7 8
Case #236: 6 5 5 6 8 8 9
Case #237: -1
Case #238: 36 1 1 1 1 1 1 1 1 1 1 1 1 1 1 1 1 1 1 1 1 1 1 1 1 1 1 1 1 1 1 1 1 1 1 1 6
Case #239: 6 2 3 5 7 11 13
Case #240: 6 1 2 4 8 10 16
Case #241: 8 1 2 5 5 5 5 9 9
Case #242: 4 5 9 12 15
Case #243: 5 2 6 7 11 15
Case #244: 4 2 9 10 20
Case #245: -1
Case #246: 4 3 3 16 19
Case #247: 4 1 3 8 29
Case #248: 5 3 5 5 8 20
Case #249: 8 2 5 5 5 5 5 6 8
Case #250: 8 3 3 3 5 5 5 8 9
Case #251: 6 5 5 5 5 9 12
Case #252: 5 2 7 7 12 13
Case #253: -1
Case #254: 6 2 3 3 3 3 27
Case #255: 8 4 4 4 5 6 6 6 6
Case #256: -1
Case #257: 4 2 6 16 17
Case #258: 5 3 5 8 12 13
Case #259: 6 2 4 4 7 8 16
Case #260: 18 1 1 1 1 1 1 1 1 1 1 1 1 1 1 1 1 2 23
Case #261: -1
Case #262: -1
Case #263: 6 3 3 5 8 9 13
Case #264: 5 5 8 8 9 11
Case #265: 4 4 6 7 24
Case #266: 8 3 3 3 3 5 7 8 9
Case #267: 5 6 6 8 9 12
Case #268: 7 3 3 3 5 9 9 9
Case #269: -1
Case #270: 6 5 5 6 7 9 9
Case #271: 6 4 5 5 8 8 11
Case #272: 7 2 3 4 4 7 8 13
Case #273: 5 1 1 1 19 19
Case #274: 4 4 9 14 14
Case #275: 5 2 5 6 9 19
Case #276: 7 4 4 4 6 7 8 8
Case #277: 6 2 6 7 7 9 10
Case #278: 7 4 5 6 6 6 6 8
Case #279: 4 3 8 12 18
Case #280: 6 1 1 3 8 11 17
Case #281: 5 6 6 6 11 12
Case #282: -1
Case #283: 5 5 6 9 9 12
Case #284: -1
Case #285: 7 3 4 5 7 7 7 8
Case #286: 8 3 3 3 4 6 6 7 9
Case #287: 6 1 8 8 8 8 8
Case #288: -1
Case #289: 5 3 8 8 9 13
Case #290: -1
Case #291: 7 3 4 5 6 7 8 8
Case #292: 5 3 6 7 8 17
Case #293: 10 2 3 3 3 3 3 5 5 5 9
Case #294: 3 1 18 22
Case #295: 3 7 7 27
Case #296: 4 6 7 12 16
Case #297: -1
Case #298: 7 5 5 5 5 5 8 8
Case #299: 5 2 4 7 12 16
Case #300: 4 3 7 7 24
Case #301: 6 3 5 6 7 8 12
Case #302: 7 3 4 4 4 5 8 13
Case #303: 4 1 1 2 37
Case #304: 7 3 3 5 7 7 8 8
Case #305: 5 2 3 9 10 17
Case #306: -1
Case #307: -1
Case #308: 8 2 4 4 5 5 6 7 8
Case #309: 5 2 7 7 7 18
Case #310: 6 2 5 5 7 9 13
Case #311: 9 3 3 3 4 5 5 6 6 6
Case #312: -1
Case #313: 5 3 5 9 12 12
Case #314: 4 5 8 9 19
Case #315: -1
Case #316: -1
Case #317: 19 1 1 1 1 1 1 1 1 1 1 1 1 1 1 1 1 1 7 17
Case #318: 6 2 5 7 7 9 11
Case #319: 6 1 1 1 6 11 21
Case #320: 6 5 5 6 6 7 12
Case #321: 8 3 4 5 5 6 6 6 6
Case #322: 7 2 3 4 5 8 8 11
Case #323: 5 5 5 5 8 18
Case #324: -1
Case #325: -1
Case #326: 5 3 6 8 11 13
Case #327: 6 1 1 1 1 5 32
Case #328: 9 3 3 3 4 4 5 5 6 8
Case #329: 5 1 6 7 9 18
Case #330: 5 1 1 1 1 37
Case #331: 10 2 3 4 4 4 4 4 4 4 8
Case #332: 7 3 4 5 5 7 8 9
Case #333: -1
Case #334: 3 12 14 15
Case #335: 4 3 9 13 16
Case #336: 3 7 10 24
Case #337: 5 4 7 8 10 12
Case #338: 5 3 6 6 8 18
Case #339: 5 6 7 8 10 10
Case #340: 7 3 3 3 5 8 8 11
Case #341: 6 1 1 1 3 11 24
Case #342: -1
Case #343: 6 2 5 5 8 8 13
Case #344: 6 5 5 5 7 9 10
Case #345: 5 3 3 11 12 12
Case #346: 8 2 3 3 3 3 5 9 13
Case #347: 16 1 1 1 1 1 1 1 1 1 1 1 1 1 1 5 22
Case #348: -1
Case #349: 5 3 3 4 12 19
Case #350: 5 1 3 5 5 27
Case #351: 6 1 2 6 8 8 16
Case #352: 4 6 8 11 16
Case #353: 7 3 4 4 7 7 8 8
Case #354: 6 3 6 6 7 7 12
Case #355: 6 3 4 6 7 8 13
Case #356: 19 1 1 1 1 1 1 1 1 1 1 1 1 1 1 1 1 1 2 22
Case #357: 5 2 7 8 10 14
Case #358: -1
Case #359: 6 5 5 5 8 9 9
Case #360: 5 2 5 5 14 15
Case #361: 4 6 10 10 15
Case #362: 5 4 7 7 9 14
Case #363: 5 5 8 8 8 12
Case #364: 6 2 5 7 7 8 12
Case #365: 6 5 5 7 8 8 8
Case #366: 4 6 8 8 19
Case #367: -1
Case #368: 7 3 3 4 5 6 8 12
Case #369: 8 3 3 3 4 4 8 8 8
Case #370: 5 5 5 6 9 16
Case #371: 5 3 5 5 10 18
Case #372: 4 1 1 1 38
Case #373: 2 9 32
Case #374: 5 2 7 9 10 13
Case #375: 13 1 1 1 1 1 1 1 1 1 1 1 1 29
Case #376: -1
Case #377: 7 3 3 5 6 6 9 9
Case #378: 5 1 2 5 16 17
Case #379: -1
Case #380: 5 3 7 9 10 12
Case #381: -1
Case #382: 4 7 7 9 18
Case #383: 39 1 1 1 1 1 1 1 1 1 1 1 1 1 1 1 1 1 1 1 1 1 1 1 1 1 1 1 1 1 1 1 1 1 1 1 1 1 1 3
Case #384: 7 4 5 5 5 6 8 8
Case #385: 3 5 9 27
Case #386: 6 3 4 6 8 9 11
Case #387: 4 3 7 10 21
Case #388: 6 1 3 5 9 10 13
Case #389: 5 3 6 7 12 13
Case #390: 6 4 5 5 5 10 12
Case #391: 4 7 9 10 15
Case #392: 5 3 4 6 12 16
Case #393: 7 2 3 6 7 7 8 8
Case #394: 9 1 1 1 1 1 1 1 7 27
Case #395: 6 4 5 8 8 8 8
Case #396: 4 6 7 10 18
Case #397: 2 20 21
Case #398: 8 3 3 4 5 5 6 7 8
Case #399: 5 4 5 8 8 16
Case #400: 26 1 1 1 1 1 1 1 1 1 1 1 1 1 1 1 1 1 1 1 1 1 1 1 1 1 16
Case #401: 3 6 14 21
Case #402: 6 3 5 5 8 9 11
Case #403: -1
Case #404: -1
Case #405: 4 1 5 16 19
Case #406: -1
Case #407: 4 1 5 17 18
Case #408: 4 3 3 3 32
Case #409: 4 4 7 10 20
Case #410: 4 5 5 10 21
Case #411: -1
Case #412: -1
Case #413: 8 3 3 5 5 5 6 6 8
Case #414: 6 3 5 5 6 10 12
Case #415: 5 1 4 7 13 16
Case #416: 4 3 5 15 18
Case #417: 5 3 5 8 8 17
Case #418: -1
Case #419: 4 2 6 12 21
Case #420: 7 3 3 4 7 7 8 9
Case #421: 5 6 8 8 9 10
Case #422: 7 2 3 4 8 8 8 8
Case #423: -1
Case #424: 6 2 3 5 9 11 11
Case #425: -1
Case #426: 25 1 1 1 1 1 1 1 1 1 1 1 1 1 1 1 1 1 1 1 1 1 1 1 7 11
Case #427: 6 4 4 5 6 6 16
Case #428: 6 4 4 5 5 7 16
Case #429: 6 1 2 7 7 8 16
Case #430: 9 3 3 4 4 4 4 5 6 8
Case #431: -1
Case #432: -1
Case #433: 8 3 4 4 6 6 6 6 6
Case #434: 21 1 1 1 1 1 1 1 1 1 1 1 1 1 1 1 1 1 1 1 11 11
Case #435: 7 2 3 7 7 7 7 8
Case #436: -1
Case #437: 6 1 1 5 5 13 16
Case #438: 6 2 7 7 7 8 10
Case #439: -1
Case #440: -1
Case #441: 9 2 3 3 3 5 5 5 6 9
Case #442: 7 2 3 4 4 4 8 16
Case #443: 4 6 7 8 20
Case #444: 6 2 5 6 9 9 10
Case #445: 3 1 3 37
Case #446: 3 6 17 18
Case #447: 6 2 3 5 9 9 13
Case #448: -1
Case #449: 17 1 1 1 1 1 1 1 1 1 1 1 1 1 1 1 2 24
Case #450: 4 7 7 11 16
Case #451: 13 1 1 1 1 1 1 1 1 1 1 7 11 13
Case #452: 5 3 5 7 8 18
Case #453: -1
Case #454: -1
Case #455: -1
Case #456: 15 1 1 1 1 1 1 1 1 1 1 1 1 1 1 27
Case #457: 9 2 3 4 4 5 5 5 5 8
Case #458: 21 1 1 1 1 1 1 1 1 1 1 1 1 1 1 1 1 1 1 1 1 21
Case #459: 4 4 6 9 22
Case #460: 21 1 1 1 1 1 1 1 1 1 1 1 1 1 1 1 1 1 1 1 3 19
Case #461: 11 1 1 1 1 1 1 1 1 1 4 28
Case #462: -1
Case #463: -1
Case #464: 5 3 4 8 9 17
Case #465: 5 3 4 11 11 12
Case #466: 6 1 1 1 1 1 36
Case #467: 3 4 5 32
Case #468: 3 3 14 24
Case #469: 4 3 10 12 16
Case #470: 4 3 8 14 16
Case #471: 5 5 8 8 10 10
Case #472: 7 2 3 4 6 7 8 11
Case #473: 3 2 9 30
Case #474: 3 1 17 23
Case #475: 6 3 6 8 8 8 8
Case #476: 5 3 6 8 12 12
Case #477: 7 1 1 1 1 1 4 32
Case #478: 4 2 11 14 14
Case #479: 6 1 1 1 1 2 35
Case #480: 5 2 3 5 8 23
Case #481: 16 1 1 1 1 1 1 1 1 1 1 1 1 1 1 1 26
Case #482: -1
Case #483: 7 3 4 6 6 6 8 8
Case #484: 16 1 1 1 1 1 1 1 1 1 1 1 1 1 1 6 21
Case #485: -1
Case #486: 5 1 2 5 13 20
Case #487: 8 2 3 5 5 5 5 7 9
Case #488: 7 3 4 5 6 6 6 11
Case #489: -1
Case #490: -1
Case #491: 8 4 4 5 5 5 6 6 6
Case #492: 6 2 3 6 9 10 11
Case #493: 8 2 3 4 4 4 8 8 8
Case #494: 6 3 6 6 6 9 11
Case #495: 5 3 5 6 11 16
Case #496: 5 5 5 8 8 15
Case #497: 6 2 5 7 8 8 11
Case #498: 6 3 3 5 6 12 12
Case #499: 7 2 3 5 5 7 8 11
Case #500: 4 2 5 7 27
Case #501: 6 4 5 6 7 7 12
Case #502: 5 1 5 5 15 15
Case #503: 6 5 5 6 6 6 13
Case #504: 7 1 1 1 1 1 3 33
Case #505: 6 3 4 4 5 8 17
Case #506: 6 6 6 6 6 6 11
Case #507: 6 4 5 5 9 9 9
Case #508: 5 1 4 9 13 14
Case #509: 6 4 5 7 8 8 9
Case #510: 4 5 5 7 24
Case #511: 5 3 5 5 12 16
Case #512: -1
Case #513: 5 3 7 7 8 16
Case #514: 7 3 3 5 5 8 8 9
Case #515: -1
Case #516: 15 1 1 1 1 1 1 1 1 1 1 1 1 1 2 26
Case #517: 6 3 4 7 7 8 12
Case #518: 38 1 1 1 1 1 1 1 1 1 1 1 1 1 1 1 1 1 1 1 1 1 1 1 1 1 1 1 1 1 1 1 1 1 1 1 1 1 4
Case #519: 5 3 6 6 9 17
Case #520: 5 2 3 3 16 17
Case #521: 4 5 7 11 18
Case #522: 5 3 3 6 13 16
Case #523: 10 3 3 3 3 3 3 5 6 6 6
Case #524: 6 2 3 7 8 8 13
Case #525: 6 1 1 4 5 10 20
Case #526: 7 1 1 1 1 2 9 26
Case #527: 5 4 5 6 10 16
Case #528: 6 3 3 6 6 11 12
Case #529: -1
Case #530: 6 3 4 5 5 8 16
Case #531: 4 1 11 14 15
Case #532: 5 4 4 7 11 15
Case #533: 4 2 10 13 16
Case #534: 4 5 9 11 16
Case #535: 5 3 8 8 11 11
Case #536: 6 4 4 5 5 11 12
Case #537: 4 4 5 12 20
Case #538: 9 1 1 1 1 1 1 1 2 32
Case #539: -1
Case #540: 6 2 3 6 8 11 11
Case #541: -1
Case #542: 7 2 5 5 5 8 8 8
Case #543: 7 3 3 3 8 8 8 8
Case #544: 5 1 4 5 13 18
Case #545: 22 1 1 1 1 1 1 1 1 1 1 1 1 1 1 1 1 1 1 1 1 1 20
Case #546: -1
Case #547: 4 4 6 11 20
Case #548: 4 2 3 4 32
Case #549: 5 1 4 4 11 21
Case #550: 4 3 8 11 19
Case #551: -1
Case #552: -1
Case #553: -1
Case #554: 8 2 3 3 3 5 5 9 11
Case #555: -1
Case #556: 10 1 4 4 4 4 4 4 4 4 8
Case #557: 4 2 6 9 24
Case #558: 7 3 3 3 6 8 9 9
Case #559: -1
Case #560: -1
Case #561: -1
Case #562: 6 5 5 6 6 8 11
Case #563: 4 2 7 16 16
Case #564: 5 3 3 8 9 18
Case #565: -1
Case #566: 7 2 3 4 5 6 8 13
Case #567: 8 2 3 5 5 5 5 8 8
Case #568: 4 1 2 14 24
Case #569: 6 5 6 6 6 7 11
Case #570: 5 1 1 1 3 35
Case #571: -1
Case #572: 5 3 6 7 7 18
Case #573: 9 1 1 1 1 1 1 1 3 31
Case #574: 4 3 6 16 16
Case #575: -1
Case #576: 27 1 1 1 1 1 1 1 1 1 1 1 1 1 1 1 1 1 1 1 1 1 1 1 1 1 5 11
Case #577: 5 1 3 7 14 16
Case #578: -1
Case #579: -1
Case #580: 4 5 9 9 18
Case #581: 6 4 4 5 8 8 12
Case #582: -1
Case #583: 8 1 1 3 7 7 7 7 8
Case #584: 11 1 4 4 4 4 4 4 4 4 4 4
Case #585: 5 2 7 7 9 16
Case #586: 6 3 5 5 6 6 16
Case #587: 3 5 6 30
Case #588: 8 1 1 2 5 5 5 9 13
Case #589: 7 4 5 6 6 6 7 7
Case #590: 6 3 3 6 8 8 13
Case #591: 6 3 5 6 9 9 9
Case #592: 3 3 16 22
Case #593: -1
Case #594: -1
Case #595: 5 4 5 7 10 15
Case #596: 6 5 6 6 8 8 8
Case #597: 23 1 1 1 1 1 1 1 1 1 1 1 1 1 1 1 1 1 1 1 1 1 3 17
Case #598: 5 4 5 9 11 12
Case #599: -1
Case #600: 5 2 4 8 11 16
Case #601: 12 1 1 1 1 1 1 1 1 1 1 3 28
Case #602: 4 10 10 10 11
Case #603: 6 1 2 5 9 11 13
Case #604: 6 3 3 5 7 11 12
Case #605: 5 4 5 7 7 18
Case #606: -1
Case #607: 6 2 5 6 7 9 12
Case #608: 28 1 1 1 1 1 1 1 1 1 1 1 1 1 1 1 1 1 1 1 1 1 1 1 1 1 1 1 14
Case #609: 6 3 3 5 5 12 13
Case #610: 7 3 3 5 5 5 8 12
Case #611: 4 1 12 14 14
Case #612: 5 1 3 6 8 23
Case #613: 6 1 3 5 5 9 18
Case #614: -1
Case #615: -1
Case #616: 6 3 3 5 9 9 12
Case #617: 5 2 7 8 8 16
Case #618: 7 3 4 5 6 6 8 9
Case #619: 3 2 7 32
Case #620: 14 1 1 1 1 1 1 1 1 1 1 1 1 2 27
Case #621: 5 1 7 10 10 13
Case #622: 7 3 5 5 6 6 7 9
Case #623: 4 2 7 12 20
Case #624: 5 1 1 3 17 19
Case #625: -1
Case #626: 7 1 1 1 5 7 7 19
Case #627: -1
Case #628: 8 2 3 4 4 6 7 7 8
Case #629: 9 3 3 4 4 4 5 6 6 6
Case #630: 4 1 1 3 36
Case #631: 7 4 4 6 6 6 7 8
Case #632: 3 6 11 24
Case #633: 9 3 3 3 4 4 4 4 8 8
Case #634: 7 5 5 5 6 6 6 8
Case #635: 5 1 2 6 16 16
Case #636: 6 4 6 6 7 9 9
Case #637: 6 4 5 5 5 6 16
Case #638: 5 2 5 8 10 16
Case #639: 6 6 6 6 7 7 9
Case #640: -1
Case #641: 7 3 3 5 6 8 8 8
Case #642: 4 3 5 8 25
Case #643: 4 5 10 12 14
Case #644: 34 1 1 1 1 1 1 1 1 1 1 1 1 1 1 1 1 1 1 1 1 1 1 1 1 1 1 1 1 1 1 1 1 1 8
Case #645: 8 2 3 3 5 5 5 9 9
Case #646: 7 3 3 4 5 5 9 12
Case #647: 6 3 4 6 8 8 12
Case #648: 8 2 5 5 5 5 5 5 9
Case #649: 5 5 8 9 9 10
Case #650: -1
Case #651: 6 3 5 7 7 9 10
Case #652: -1
Case #653: 4 1 4 15 21
Case #654: 5 1 2 9 11 18
Case #655: -1
Case #656: -1
Case #657: -1
Case #658: 5 6 7 9 9 10
Case #659: 8 3 4 4 4 5 5 8 8
Case #660: -1
Case #661: 7 3 5 5 5 7 8 8
Case #662: 7 1 1 1 1 1 1 35
Case #663: 3 3 6 32
Case #664: 6 1 5 5 9 10 11
Case #665: -1
Case #666: -1
Case #667: 9 3 3 3 3 3 5 6 6 9
Case #668: 4 7 8 11 15
Case #669: 6 1 3 7 8 11 11
Case #670: 8 2 3 4 5 5 7 7 8
Case #671: 4 5 10 10 16
Case #672: -1
Case #673: 5 5 7 8 8 13
Case #674: 4 3 3 8 27
Case #675: 29 1 1 1 1 1 1 1 1 1 1 1 1 1 1 1 1 1 1 1 1 1 1 1 1 1 1 1 1 13
Case #676: -1
Case #677: -1
Case #678: 6 4 4 6 7 8 12
Case #679: 7 2 5 5 5 6 8 10
Case #680: 8 4 4 4 4 4 5 8 8
Case #681: 5 3 4 7 8 19
Case #682: 5 1 1 11 14 14
Case #683: 8 3 3 3 6 6 6 6 8
Case #684: 3 7 16 18
Case #685: 6 3 4 4 5 12 13
Case #686: -1
Case #687: 6 3 4 5 6 7 16
Case #688: 7 2 5 5 6 7 7 9
Case #689: 3 9 14 18
Case #690: 7 5 5 5 5 6 6 9
Case #691: 7 3 5 5 5 5 6 12
Case #692: -1
Case #693: -1
Case #694: 4 1 1 5 34
Case #695: -1
Case #696: 7 3 6 6 6 6 6 8
Case #697: 8 2 3 4 4 5 7 8 8
Case #698: -1
Case #699: 3 11 13 17
Case #700: 7 3 3 6 6 6 8 9
Case #701: 33 1 1 1 1 1 1 1 1 1 1 1 1 1 1 1 1 1 1 1 1 1 1 1 1 1 1 1 1 1 1 1 1 9
Case #702: -1
Case #703: 25 1 1 1 1 1 1 1 1 1 1 1 1 1 1 1 1 1 1 1 1 1 1 1 3 15
Case #704: 6 3 5 5 5 8 15
Case #705: 4 1 1 7 32
Case #706: 9 1 1 1 1 1 1 1 4 30
Case #707: 5 3 5 10 11 12
Case #708: 4 5 8 12 16
Case #709: 4 3 7 12 19
Case #710: -1
Case #711: 5 3 5 8 9 16
Case #712: 5 6 6 9 9 11
Case #713: 7 5 5 6 6 6 6 7
Case #714: 6 3 3 7 8 8 12
Case #715: 7 2 4 5 5 5 8 12
Case #716: 5 2 3 9 9 18
Case #717: 10 1 1 1 1 1 1 1 1 3 30
Case #718: 4 3 11 11 16
Case #719: 5 2 5 9 9 16
Case #720: -1
Case #721: 6 3 4 5 8 9 12
Case #722: 6 1 1 3 5 13 18
Case #723: 5 6 7 8 8 12
Case #724: 5 1 10 10 10 10
Case #725: 6 3 5 5 5 11 12
Case #726: 5 1 3 3 7 27
Case #727: 6 3 5 5 5 5 18
Case #728: 6 2 3 4 7 8 17
Case #729: 5 1 2 7 10 21
Case #730: -1
Case #731: 6 3 6 6 8 9 9
Case #732: -1
Case #733: 5 3 6 8 8 16
Case #734: 9 3 4 4 4 4 4 5 5 8
Case #735: -1
Case #736: 20 1 1 1 1 1 1 1 1 1 1 1 1 1 1 1 1 1 1 1 22
Case #737: -1
Case #738: 5 5 5 7 12 12
Case #739: 13 1 1 1 1 1 1 1 1 1 1 1 5 25
Case #740: -1
Case #741: 4 5 10 11 15
Case #742: 8 3 3 3 3 5 6 9 9
Case #743: 6 1 4 5 5 10 16
Case #744: 6 3 6 6 7 8 11
Case #745: 7 2 4 5 5 6 8 11
Case #746: -1
Case #747: 5 3 3 7 12 16
Case #748: 4 5 6 12 18
Case #749: 9 3 4 4 4 4 4 4 6 8
Case #750: 2 2 39
Case #751: 5 6 7 7 9 12
Case #752: -1
Case #753: 8 2 4 5 5 5 5 6 9
Case #754: 7 3 4 6 6 6 7 9
Case #755: 6 1 2 4 5 13 16
Case #756: 31 1 1 1 1 1 1 1 1 1 1 1 1 1 1 1 1 1 1 1 1 1 1 1 1 1 1 1 1 1 1 11
Case #757: 4 3 7 15 16
Case #758: 5 5 5 6 10 15
Case #759: 7 3 4 4 4 7 8 11
Case #760: 8 3 3 4 5 6 6 6 8
Case #761: 8 3 3 3 4 5 7 8 8
Case #762: 7 4 4 5 5 7 8 8
Case #763: 3 9 16 16
Case #764: -1
Case #765: 6 3 3 4 8 11 12
Case #766: 5 5 9 9 9 9
Case #767: 7 2 3 5 6 7 9 9
Case #768: 7 2 4 5 5 5 9 11
Case #769: 4 2 6 13 20
Case #770: 13 1 1 1 1 1 1 1 1 1 1 5 7 19
Case #771: 5 5 6 6 12 12
Case #772: -1
Case #773: 8 1 1 3 3 3 3 9 18
Case #774: -1
Case #775: -1
Case #776: -1
Case #777: 19 1 1 1 1 1 1 1 1 1 1 1 1 1 1 1 1 1 1 23
Case #778: 6 5 5 5 6 8 12
Case #779: 8 2 4 4 5 5 5 8 8
Case #780: 9 2 4 4 4 4 4 5 6 8
Case #781: 7 2 4 5 5 7 8 10
Case #782: 6 3 5 5 7 8 13
Case #783: 8 4 4 4 4 5 6 6 8
Case #784: 4 5 7 9 20
Case #785: 4 3 7 8 23
Case #786: -1
Case #787: 3 1 2 38
Case #788: 7 5 6 6 6 6 6 6
Case #789: 4 1 6 7 27
Case #790: 7 2 3 5 7 8 8 8
Case #791: 5 1 3 7 15 15
Case #792: 7 3 3 3 5 6 8 13
Case #793: 5 3 3 4 13 18
Case #794: 7 2 4 5 6 8 8 8
Case #795: 5 4 7 9 9 12
Case #796: 5 3 3 3 5 27
Case #797: 7 4 5 5 5 5 8 9
Case #798: 5 1 5 10 10 15
Case #799: 8 3 3 3 5 6 6 6 9
Case #800: 7 2 3 3 5 6 9 13
Case #801: 6 4 6 6 8 8 9
Case #802: 7 3 4 4 5 5 8 12
Case #803: 5 5 5 6 12 13
Case #804: 8 3 3 3 3 3 8 9 9
Case #805: 8 3 4 4 5 5 5 7 8
Case #806: -1
Case #807: -1
Case #808: 16 1 1 1 1 1 1 1 1 1 1 1 1 1 1 2 25
Case #809: 10 1 1 1 1 1 1 1 1 4 29
Case #810: 5 3 5 6 8 19
Case #811: 11 1 1 1 1 1 1 1 1 1 2 30
Case #812: 9 3 3 3 3 3 3 6 8 9
Case #813: 6 3 5 6 7 10 10
Case #814: 7 1 1 1 5 5 11 17
Case #815: 6 3 4 7 8 8 11
Case #816: 9 2 3 4 4 4 4 4 8 8
Case #817: 5 7 7 7 10 10
Case #818: 3 5 18 18
Case #819: 6 3 6 7 8 8 9
Case #820: 4 3 8 13 17
Case #821: 6 2 3 3 6 11 16
Case #822: 7 3 3 4 6 8 8 9
Case #823: 3 10 11 20
Case #824: 6 3 3 8 8 8 11
Case #825: -1
Case #826: 8 2 3 3 5 5 7 7 9
Case #827: 4 1 3 10 27
Case #828: 6 4 4 6 8 8 11
Case #829: 5 2 5 7 9 18
Case #830: -1
Case #831: 7 3 4 5 5 6 9 9
Case #832: 3 6 16 19
Case #833: 6 3 4 6 6 9 13
Case #834: 8 3 3 4 4 5 6 8 8
Case #835: 5 2 9 9 10 11
Case #836: 6 2 6 7 8 8 10
Case #837: 4 7 8 10 16
Case #838: 6 3 7 7 8 8 8
Case #839: 4 3 6 8 24
Case #840: 15 1 1 1 1 1 1 1 1 1 1 1 1 1 5 23
Case #841: 8 1 1 1 1 1 3 16 17
Case #842: -1
Case #843: 5 2 7 8 12 12
Case #844: 9 2 3 4 4 4 5 5 6 8
Case #845: -1
Case #846: 5 2 5 5 11 18
Case #847: 4 1 10 10 20
Case #848: 5 1 1 1 6 32
Case #849: 4 6 11 12 12
Case #850: 29 1 1 1 1 1 1 1 1 1 1 1 1 1 1 1 1 1 1 1 1 1 1 1 1 1 1 1 7 7
Case #851: 12 1 1 1 1 1 1 1 1 1 1 2 29
Case #852: -1
Case #853: 4 3 7 13 18
Case #854: 3 10 13 18
Case #855: 6 2 4 5 7 11 12
Case #856: 7 2 4 5 7 7 8 8
Case #857: 10 3 3 3 3 3 3 4 5 6 8
Case #858: 7 3 4 5 5 8 8 8
Case #859: 6 3 4 4 8 11 11
Case #860: 3 1 10 30
Case #861: 4 5 12 12 12
Case #862: 4 1 7 16 17
Case #863: 6 3 4 7 7 10 10
Case #864: 6 3 3 7 7 9 12
Case #865: -1
Case #866: -1
Case #867: 2 5 36
Case #868: 7 3 3 6 6 7 8 8
Case #869: 32 1 1 1 1 1 1 1 1 1 1 1 1 1 1 1 1 1 1 1 1 1 1 1 1 1 1 1 1 1 1 1 10
Case #870: 7 3 3 3 6 6 9 11
Case #871: 4 5 6 6 24
Case #872: 13 1 1 1 1 1 1 1 1 1 1 1 4 26
Case #873: 6 1 3 5 7 7 18
Case #874: 7 1 1 1 1 1 17 19
Case #875: 6 3 4 5 7 10 12
Case #876: -1
Case #877: 17 1 1 1 1 1 1 1 1 1 1 1 1 1 1 1 3 23
Case #878: 6 3 5 5 5 7 16
Case #879: 3 7 14 20
Case #880: 23 1 1 1 1 1 1 1 1 1 1 1 1 1 1 1 1 1 1 1 1 1 7 13
Case #881: -1
Case #882: 7 4 4 5 5 5 6 12
Case #883: 6 4 5 6 6 9 11
Case #884: 25 1 1 1 1 1 1 1 1 1 1 1 1 1 1 1 1 1 1 1 1 1 1 1 1 17
Case #885: -1
Case #886: 7 2 4 4 7 8 8 8
Case #887: 21 1 1 1 1 1 1 1 1 1 1 1 1 1 1 1 1 1 1 1 5 17
Case #888: -1
Case #889: 5 3 6 9 11 12
Case #890: -1
Case #891: 4 2 5 12 22
Case #892: 7 3 3 4 5 7 7 12
Case #893: 7 3 3 5 5 6 8 11
Case #894: -1
Case #895: 5 1 1 2 15 22
Case #896: 6 1 1 2 5 9 23
Case #897: 8 3 3 3 3 6 6 8 9
Case #898: 17 1 1 1 1 1 1 1 1 1 1 1 1 1 1 1 1 25
Case #899: 5 5 7 9 10 10
Case #900: 7 4 4 5 6 6 8 8
Case #901: 5 1 1 2 9 28
Case #902: 6 5 6 7 7 8 8
Case #903: 7 2 3 5 5 6 9 11
Case #904: 25 1 1 1 1 1 1 1 1 1 1 1 1 1 1 1 1 1 1 1 1 1 1 1 5 13
Case #905: 4 2 7 8 24
Case #906: 6 2 4 5 5 12 13
Case #907: 5 4 5 7 12 13
Case #908: 9 4 4 4 4 4 4 4 5 8
Case #909: 6 2 5 5 6 11 12
Case #910: 4 4 5 16 16
Case #911: 5 2 3 7 11 18
Case #912: 4 2 5 16 18
Case #913: 6 1 2 5 7 9 17
Case #914: 5 2 5 9 12 13
Case #915: -1
Case #916: 5 2 3 8 11 17
Case #917: 8 3 4 5 5 5 5 6 8
Case #918: 6 3 5 5 8 8 12
Case #919: 40 1 1 1 1 1 1 1 1 1 1 1 1 1 1 1 1 1 1 1 1 1 1 1 1 1 1 1 1 1 1 1 1 1 1 1 1 1 1 1 2
Case #920: 3 8 9 24
Case #921: 5 1 4 5 12 19
Case #922: 5 4 5 7 9 16
Case #923: -1
Case #924: -1
Case #925: 13 1 1 1 1 1 1 1 1 1 1 1 2 28
Case #926: -1
Case #927: 5 5 7 8 9 12
Case #928: 8 3 3 5 6 6 6 6 6
Case #929: 7 3 5 5 6 7 7 8
Case #930: 3 11 12 18
Case #931: 8 3 4 4 4 6 6 6 8
Case #932: 4 7 8 12 14
Case #933: 4 1 3 7 30
Case #934: 6 2 3 5 5 9 17
Case #935: -1
Case #936: 4 5 8 10 18
Case #937: 5 4 7 10 10 10
Case #938: 9 2 3 3 3 3 5 6 7 9
Case #939: 5 1 1 1 2 36
Case #940: 6 4 6 7 8 8 8
Case #941: 13 1 1 1 1 1 1 1 1 1 1 1 3 27
Case #942: 5 5 6 7 11 12
Case #943: 5 4 7 7 7 16
Case #944: 6 4 5 5 7 8 12
Case #945: 6 3 7 7 7 8 9
Case #946: 6 5 5 6 7 8 10
Case #947: 5 5 6 6 9 15
Case #948: 6 4 5 5 6 9 12
Case #949: 8 3 4 4 5 5 6 6 8
Case #950: 5 3 4 8 13 13
Case #951: 4 3 9 11 18
Case #952: -1
Case #953: 6 3 5 7 7 8 11
Case #954: 6 2 5 7 7 10 10
Case #955: 5 3 5 7 10 16
Case #956: 6 4 6 6 6 8 11
Case #957: -1
Case #958: 6 2 5 7 9 9 9
Case #959: 5 6 6 6 7 16
Case #960: 6 1 1 2 5 16 16
