960
62
291600
1615
24480
625433749
524880
71805
47
87
147456
69120
96768
2100
5000
459270
28800
6400
7776
100800
216
11085765
961175759
987
13440
27000
3240
40824
1500
546
587234
4158
2160
999999937
17920
136080
98
83
108864
30
68
28080
135
13056
44550
129024
42
294912
3780
39936
193
57344
56160
8372259
362880
15750
1817
87480
4620
118263990
124
967669583
110250
1100
322560
805306368
24
78000
2250
430080
58320
75
95
49920
93312
40
5940
70000
989447237
4536
134400
29484
142884
113
10368
567
1001604
252000
2400
18
9600
92
37800
16200
34
8550
65536
3509575
653477439
1920
11016
395
76800
746803744
80
2906162
466560
16464
168960
14560
14700
41472
61740
9216
150000
77760
226151256
102
3375
181440
248832
621008
22176
9425
1800
5
105000
29700
54432
32
122877509
441
813
29952
33792
90720
94500
49392
519
23100
96
288000
6750
230400
405000
6541551
47958485
49896
1848
245760
1
103
18240
3960
33
7392
23040
375000
7128
9800
3168
23115571
12240
3900
40960
174960
217728
126720
4480
21870
5721
123480
1600
43680
27456
116640
28
52488
340200
132000
42336
10080
201600
194400
23328
10800
36864
88
63360
24576
31
12672
63
20000
1632
432255
912
50000
35280
15400
472392
56700
117
259200
7040
68040
486000
6075
169344
5400
21504
2430
8826131
998244353
408240
1440
62208
26460
29400
163840
7
162000
25600
1512
2730
21168
66
633
986129769
10560
8015864
33696
700
646
15
301056
86400
971866761
6
30030
10240
101250
8100
13860
3600
67893369
2736
696
12000
300000
243000
67500
15288
641
4374
414720
84579
3264
18720
28672
46
916855204
999999999
42120
31680
4032
204120
31104
98415
473
85050
70400
69888
361
7056
10260
172032
52920
207360
5184
4488
28512
1000000000
29160
476014
164640
244944
32768
70235461
22464
5601
161280
17136
546750
396
1323
8064
100696425
200000
10752
3528
60480
99840
74
141120
9180
25490988
67
268800
12348
40950
583200
257
19440
6840
85881
282791
119
48510
1386
75600
388800
84480
18000
89
983900459
20592
160
518400
6804
37
786432
151200
58054077
2520
5616
1680
26880
15552
33600
95040
792
2707
41600
78750
14256
94770
110
559
8208
2025
12288
8448
150528
63504
52416
44
15680
3157819
81000
10500
9000
24696
30720
47040
89600
7296
106
103680
221184
21600
13500
38
288
16380
29
64922375
131220
2720
510205
22680
2618049
7938
3
192000
1215
57024
4410
17550
19656
60000
9450
13824
112896
189
81920
7560
420
302400
20480
16
1764
59400
85712697
926315427
1520
97
1530
864
5600
5250
34111
5657
324000
54000
5824
4050
16320
127
3024
127008
34560
98304
501
32670
725573
77
46080
44800
12544
552960
1671
214573
373248
121
115248
47473
5200
54880
1741
346742385
364500
49152
6720
48600
111
1836
31590
697106497
48
8624
1001
15120
934
9409159
25002
27
480000
21
4752
57
112
79548
322081025
14688
17424
36
640
1008
5760
5376
32000
88704
540
391
73728
20736
128
4312
70
5520
26
981028563
165888
126
42755209
2600
236250
142560
688978813
999999998
432000
35640
196608
64152
15840
24000
49280
38880
92400
1890
70560
5625
70200
99
32640
85536
72900
6552
80640
4200
14400
5297
18816
129600
3371
52
56448
4
16524
4896
6930
11232
787320
34944
4000
468
19200
42768
86
38400
2310
18480
4160
7920
23232
52800
4800
64
954158175
34848
122
128000
110592
4680
20
94
5280
768
3696
5016
33401221
129
8347
133650
5073
524288
2592
104976
27184698
536870912
109
79200
3584
11664
38497
74880
240000
672
83160
105
8772
15876
93
4608
5044
55
4704
994617
6037
7290
61440
7785
57624
1048576
14112
43200
900
29250
211680
44928
65610
1056
782
80949857
21000
92160
51
23760
2097152
11264
84
11000
12870
41580
17640
92317161
45360
14
35100
108000
2352
3312
12150
7389
482421315
43740
14336
155520
448
54
9100
170100
3360
969
9489
4655
123
225792
622080
108
193536
1584
442368
216000
3072
81648
48000
12800
95256
8660
138240
3000
8400
8
182250
97200
55296
281250
32400
73
66150
53940
1260
3564
82268566
35503
281
34020
307200
4943
168000
35
576
24750
101
7025
393660
9240
20328
235200
8000
43
29120
1944
13
59
71
64512
120000
327680
12768
2156
279936
2016
37440
362
40320
132300
2268
202500
135000
998506315
949106497
170
904152917
186624
215040
91857
2431
139968
9
53
45
45000
224
120
19800
7680
4788
409342369
17280
32076
226800
48384
96000
8748
90
5808
12960
457481
51840
3510
32256
10000
49500
1701
33750
22848
2940
131
69984
5767201
18432
614400
48238
22
964532929
25200
125
194241
8250
196830
16000
66528
105600
474
12096
6480
589824
78
31752
517759
270000
163296
8320
11
5040
22500
118272
311040
241920
179200
2304
4733
38016
32805
102060
99000
3120
665
25920
107
13122
1249
30973
21383
23
72000
256000
491520
112000
54600
368640
6300
3864
922505446
76
233280
1134
107520
4725
84240
8424
122880
27216
3645
180000
7500
262440
63180
82944
115200
23400
157464
336000
9827
1000000
50
116
13680
60
314928
63000
4675
59136
393216
34300
1620
72576
5304
19008
124416
2200
50688
131980
198450
810
67584
11340
6765
145800
1824
50544
276480
17820
53760
8960
75264
3456
115
816
6399199
16128
460800
8087519
9900
2000
192
9504
49
58
7390
4914
2340
36960
125440
699840
153600
46464
300
8640
1904
58800
47628
938017885
900360029
180
145152
10
96228
4320
104
13230
323
50400
2403381
69
42000
1960
91
33108
144000
71280
17
589833267
114688
85
42105
21384
673921
2640
105840
118800
61966
660
2070
209952
25
31500
184320
504
94080
89100
65
2688
31200
21840
655360
39600
5120
8316
2880
10710
14040
957262828
8976
360000
57600
2
1728
4560
20160
4539685
36283838
56
7897861
30240
349920
176400
2376
331776
9408
630
22950
79
7200
28000
306180
72
86016
81
27720
21952
67200
74088
84000
24300
64800
345600
16224
5346
7455307
64680
49000
16800
76032
118
51030
24192
2560
