100
452 71
950 71
507 14
24 85
383 4
853 50
2 36
245 99
924 39
537 11
362 76
635 54
81 39
29 97
786 52
2 5
950 95
728 33
1000 3
838 46
551 71
555 27
580 93
497 91
13 37
446 2
70 56
1000 98
397 40
1000 4
745 5
440 28
355 11
958 86
295 30
270 26
582 60
918 38
500 44
758 85
432 88
906 56
642 34
915 30
1000 95
120 75
871 75
173 90
565 89
522 40
950 63
2 3
2 2
755 11
93 3
451 5
30 46
1000 2
2 98
839 51
289 48
363 69
1000 5
312 23
3 10
2 96
793 69
1000 99
824 54
1000 97
930 46
2 99
758 81
398 61
2 97
109 76
289 65
912 68
387 98
279 28
875 93
226 22
2 4
373 46
494 92
124 68
2 1
1000 1
1000 96
424 35
837 81
808 71
2 95
2 50
911 80
823 3
5 75
143 26
712 1
132 90
