50 1000
9 50
14 49
17 29
3 37
2 50
27 28
19 30
20 43
33 38
3 40
5 14
6 23
35 47
46 47
12 30
26 32
12 35
4 33
21 28
12 19
15 30
38 46
8 35
2 40
36 44
7 27
19 21
28 40
17 34
14 29
26 39
20 45
31 48
10 19
18 27
14 42
43 48
17 44
26 47
21 50
3 5
23 46
35 37
7 11
12 31
2 34
3 44
26 42
6 37
10 36
14 27
41 47
27 31
25 46
3 41
7 12
26 33
36 38
38 45
20 26
36 50
26 34
2 45
26 49
18 30
10 38
5 16
38 41
1 15
5 42
5 36
19 47
37 42
6 48
40 41
32 47
32 46
17 40
3 26
11 49
8 37
5 30
30 48
30 33
7 21
1 20
38 50
5 34
26 35
22 46
28 50
1 21
14 21
13 48
18 25
19 50
37 41
45 47
20 23
39 49
4 32
8 36
18 20
28 45
1 29
30 42
31 36
17 33
11 14
4 26
15 49
12 21
24 39
29 40
31 46
2 15
36 47
4 12
6 33
9 18
20 47
27 50
4 28
7 37
12 47
26 38
19 33
16 49
41 48
15 46
9 29
11 44
1 32
8 44
33 37
2 35
10 21
37 50
3 21
2 32
1 47
26 29
36 37
42 49
13 47
16 26
10 18
14 39
15 19
23 33
2 24
46 48
36 48
27 45
5 35
10 35
13 43
15 29
37 38
1 39
6 16
24 45
28 48
34 47
5 43
12 42
3 7
34 46
21 25
20 41
26 44
29 34
29 32
3 32
4 14
5 32
2 13
22 40
21 47
28 34
15 20
25 36
30 40
24 46
25 31
17 50
18 31
13 49
49 50
14 41
15 25
9 12
30 37
9 20
3 39
13 41
37 48
45 49
16 41
23 44
14 31
19 43
29 49
41 46
44 46
31 50
24 30
11 31
22 31
33 42
12 18
5 27
5 29
33 48
25 44
9 41
18 21
10 20
10 11
43 46
19 25
3 49
12 26
38 48
20 30
9 27
11 50
15 17
43 49
17 26
7 47
34 44
7 28
22 42
8 33
33 44
32 44
14 36
6 41
18 23
18 29
28 29
32 40
24 32
3 4
32 39
19 37
14 25
12 38
32 48
25 26
29 38
39 45
23 47
2 22
42 46
15 48
35 50
23 36
16 42
20 50
13 14
20 25
3 42
39 48
36 39
26 45
21 24
18 44
9 30
28 36
5 8
27 29
8 16
25 42
39 50
5 7
16 39
30 50
4 22
9 42
23 32
16 24
31 35
15 34
26 43
12 43
31 43
10 47
36 45
6 19
8 20
13 37
18 34
40 44
22 29
29 48
21 41
4 48
44 48
19 42
9 17
8 21
16 37
20 37
2 48
13 23
9 43
4 37
7 42
47 49
22 28
38 44
37 45
8 24
8 26
15 18
4 15
9 28
7 44
22 25
1 11
3 34
27 43
3 11
35 41
22 23
14 46
22 34
13 19
33 36
17 36
10 34
11 34
28 33
42 47
8 38
5 49
4 50
5 28
17 19
23 45
43 44
21 32
8 12
8 13
31 40
9 23
13 39
5 6
32 45
10 27
37 44
34 45
5 44
4 29
4 16
14 23
24 28
13 46
18 49
22 47
5 19
5 33
25 48
34 36
47 48
8 25
34 50
30 32
45 50
27 35
39 41
25 40
5 46
30 49
28 35
23 24
9 10
5 40
13 15
27 42
22 43
7 24
19 24
30 36
46 50
6 17
44 50
34 35
42 48
10 44
20 34
1 38
4 17
14 33
21 39
17 41
19 20
17 31
1 23
8 49
15 31
7 33
3 24
14 45
18 24
26 36
21 45
20 46
21 35
18 36
12 49
10 28
6 11
25 49
1 40
14 28
18 42
24 44
4 11
46 49
6 38
19 39
23 49
31 39
27 33
35 39
21 40
21 46
34 41
24 37
9 11
2 31
16 18
13 45
7 15
19 26
6 29
20 44
14 16
35 44
7 41
38 42
26 48
31 34
6 34
30 38
18 40
28 31
11 20
8 22
9 21
10 40
39 42
2 49
22 36
16 35
33 45
28 32
24 36
25 47
1 3
8 29
25 50
3 48
15 22
12 24
16 38
2 9
17 49
38 40
6 26
1 27
15 37
44 45
24 43
27 30
12 45
12 14
10 45
14 17
6 18
30 41
27 39
21 49
13 35
11 36
38 49
29 35
34 43
8 30
2 14
35 36
4 13
16 19
2 16
22 33
42 44
27 44
4 19
29 30
34 49
3 30
3 50
31 37
15 43
36 41
12 41
17 47
9 19
36 43
40 42
37 49
9 38
10 23
13 26
6 14
25 41
7 46
37 43
5 23
19 35
29 43
1 42
39 46
21 33
32 34
1 37
27 49
32 35
13 40
35 45
24 35
12 40
35 40
2 10
20 49
17 30
29 37
18 46
20 42
19 40
8 46
38 39
10 41
29 33
12 29
11 15
6 24
41 49
21 36
33 46
6 42
11 37
32 37
22 38
43 47
32 43
26 40
35 38
30 39
10 14
14 22
40 50
26 37
22 26
18 35
12 23
8 9
15 38
35 48
19 44
41 50
13 29
41 43
4 30
18 48
18 32
20 22
37 40
19 28
2 8
35 49
9 32
1 4
29 44
7 20
5 22
7 32
40 48
3 12
11 30
5 37
30 44
7 26
24 48
24 50
28 37
9 39
10 48
3 8
2 3
9 44
7 16
16 44
33 49
32 36
20 24
37 47
23 29
19 38
43 45
22 32
16 22
19 23
2 23
33 39
10 26
18 37
2 6
1 25
11 32
34 38
27 32
36 46
9 49
6 43
21 26
39 40
13 21
15 28
13 28
22 27
8 18
13 30
24 33
2 36
24 49
3 19
22 49
23 37
42 45
22 44
31 33
27 47
1 10
10 29
20 38
23 43
31 41
5 17
33 47
11 18
34 48
7 40
22 41
13 34
5 13
1 31
14 48
22 35
3 45
4 40
39 47
6 46
6 47
47 50
21 34
32 49
10 49
19 46
6 30
9 25
16 30
26 46
37 46
19 22
39 43
7 14
31 45
15 23
21 30
22 45
14 40
40 43
9 24
1 13
35 43
16 21
4 46
43 50
10 17
23 25
21 44
8 50
11 35
5 31
1 8
15 45
5 15
19 41
11 24
19 31
29 39
13 20
2 41
18 33
10 16
23 31
35 46
31 44
26 30
7 17
29 45
6 50
29 42
14 34
30 34
10 31
3 10
3 33
2 25
32 50
10 22
10 46
4 36
23 41
19 45
23 35
16 34
7 49
9 46
23 27
6 8
13 31
18 45
33 34
14 32
42 43
6 22
8 48
4 18
11 33
17 45
3 13
11 25
23 38
4 9
44 49
30 31
8 40
20 35
20 31
15 40
13 42
9 31
32 42
16 46
16 27
36 49
8 43
2 37
2 11
10 30
40 49
26 41
28 47
10 24
8 39
31 42
1 45
5 20
11 38
12 36
22 50
9 22
27 38
14 19
2 27
34 37
25 27
22 24
26 28
20 39
39 44
16 36
25 35
3 46
24 34
44 47
16 48
5 21
16 45
27 41
23 50
10 37
36 42
15 50
14 26
14 43
30 35
7 50
2 43
33 43
27 34
37 39
11 26
23 48
41 44
38 43
18 39
26 27
4 21
15 26
12 39
31 38
48 49
14 35
28 49
33 41
11 22
2 18
7 10
21 23
12 44
42 50
16 17
33 35
27 48
40 45
4 45
13 38
29 41
16 33
3 9
13 17
14 37
23 34
2 20
41 42
34 39
19 29
4 31
12 46
11 19
1 33
10 33
28 46
33 40
23 28
10 25
25 32
25 38
12 27
8 42
8 28
13 44
6 32
6 7
18 47
3 15
1 43
4 23
16 25
7 45
5 50
1 18
1 6
24 38
10 42
12 25
35 42
16 29
25 30
21 42
22 37
8 10
27 46
7 34
19 36
40 47
14 50
9 15
28 44
20 21
15 42
5 39
2 38
2 12
27 40
25 39
22 39
12 50
14 47
4 5
41 45
45 48
2 19
13 32
4 44
1 36
7 30
40 46
19 34
12 16
30 43
28 38
30 46
1 12
32 33
11 48
10 12
18 26
13 25
38 47
36 40
24 47
4 39
28 43
5 24
23 39
1 24
15 32
3 27
21 29
2 4
14 24
17 39
11 47
24 41
11 27
16 31
8 47
4 25
23 40
4 10
12 37
5 12
17 21
6 45
32 38
5 18
18 38
16 28
18 41
33 50
17 22
21 38
2 33
31 49
6 28
25 28
17 35
16 32
25 43
11 13
12 22
19 32
7 18
20 27
48 50
29 36
1 14
10 50
9 48
12 15
15 24
16 43
32 41
34 42
11 21
6 36
12 17
3 36
13 24
14 30
1 22
8 27
16 20
14 18
24 27
24 42
11 45
8 41
26 31
10 13
17 37
8 34
16 40
14 20
30 45
7 39
45 46
14 15
20 40
4 24
34 40
21 22
13 16

